# callgrind format
version: 1
creator: callgrind-3.22.0
pid: 7465
cmd:  ./profiler
part: 1


desc: I1 cache: 
desc: D1 cache: 
desc: LL cache: 

desc: Timerange: Basic block 0 - 1553157998
desc: Trigger: Program termination

positions: line
events: Ir
summary: 8783844108


ob=(1) /usr/lib/x86_64-linux-gnu/ld-linux-x86-64.so.2
fl=(37) ./elf/./elf/dl-hwcaps.c
fn=(108) _dl_important_hwcaps
172 6
+3 1
-3 3
+3 1
-3 5
+2 1
cfi=(38) ./elf/../sysdeps/x86_64/dl-hwcaps-subdirs.c
cfn=(110) _dl_hwcaps_subdirs_active
calls=1 29 
* 49
+1 1
fi=(40) ./elf/./dl-hwcaps.h
43 1
fe=(37)
174 1
fi=(40)
45 2
+32 1
+1 1
+1 1
fe=(37)
-27 2
cfi=(39) ./elf/./elf/dl-hwcaps_split.c
cfn=(114) _dl_hwcaps_split_masked
calls=1 -1 
* 23
* 2
fi=(40)
-9 1
+2 1
-2 1
+34 2
+1 2
+1 1
fe=(37)
-24 2
-1 2
+1 2
+1 2
+1 2
-5 4
cfi=(39)
cfn=(114)
calls=2 -1 
* 130
* 2
cfi=(39)
cfn=(114)
calls=1 -1 
* 125
* 6
+48 4
fi=(28) ./elf/../include/rtld-malloc.h
-44 2
cfi=(27) ./elf/./elf/dl-minimal-malloc.c
cfn=(78) __minimal_malloc
calls=1 -20 
* 30
fe=(37)
+46 2
-2 1
+2 1
+3 1
+3 1
fi=(40)
-65 1
+2 1
fe=(37)
+67 1
fi=(40)
-66 1
fe=(37)
+66 2
cfi=(39)
cfn=(120) _dl_hwcaps_split
calls=1 -87 
* 13
* 2
fi=(40)
-69 1
+2 1
-2 1
+34 2
+1 2
+1 1
fe=(37)
+48 10
+1 4
+1 2
+1 2
-1 2
-4 4
cfi=(39)
cfn=(114)
calls=2 -74 
* 130
* 2
cfi=(39)
cfn=(114)
calls=1 -74 
* 125
* 6
+8 3
+9 5
+3 8
-2 6
+14 1
+4 1
+1 1
+1 1
-20 3
+19 1
+1 1
-20 2
+8 2
+4 2
-4 3
+4 2
cfi=(42) ./string/../sysdeps/x86_64/multiarch/../multiarch/memcmp-sse2.S
cfn=(122) bcmp
calls=1 -96 
* 19
+1 3
-14 8
+47 1
-4 2
+4 2
-3 1
+7 1
-7 2
+7 1
fi=(28)
56 1
cfi=(27)
cfn=(78)
calls=1 -20 
* 30
* 1
fe=(37)
194 2
+8 1
fi=(40)
43 1
fe=(37)
201 1
80 1
fi=(40)
-35 1
fe=(37)
+35 1
202 1
fi=(40)
77 1
+1 1
fe=(37)
202 3
fi=(40)
79 1
fe=(37)
-2 2
cfi=(39)
cfn=(114)
calls=1 -26 
* 23
* 2
fi=(40)
-34 1
+2 1
fe=(37)
+35 2
fi=(40)
-37 1
+34 2
+1 2
+1 3
fe=(37)
+1 4
+7 2
-7 8
cfi=(29) ./string/../sysdeps/x86_64/multiarch/memmove-vec-unaligned-erms.S
cfn=(126) mempcpy
calls=2 197 
* 26
+4 2
+2 2
+2 2
-2 4
-9 4
cfi=(39)
cfn=(114)
calls=2 -26 
* 130
* 2
cfi=(39)
cfn=(114)
calls=1 -26 
* 125
* 6
213 2
-5 1
+1 1
-1 1
+5 1
+3 9

fl=(64) ./elf/./elf/dl-deps.c
fn=(202) _dl_map_object_deps
143 4
+1 2
-1 1
+1 1
-1 2
+1 1
-1 1
+1 1
-1 4
+1 3
-1 1
+1 7
-8 1
+8 2
-8 1
-6 1
-2 1
+16 1
-8 1
-7 1
+1 1
+6 1
+24 4
-28 3
-2 1
+31 1
-33 2
+2 2
+30 2
-30 1
-1 4
+7 4
+24 3
+28 3
-6 1
+46 1
fi=(72) ./elf/../include/scratch_buffer.h
77 1
fe=(64)
+87 1
fi=(72)
-87 1
+1 1
fe=(64)
184 1
+44 4
-31 1
-4 1
+4 5
-4 3
+4 6
+11 12
-18 2
+18 4
417 8
+2 2
+3 2
-3 6
+3 2
-3 2
fi=(28)
56 2
cfi=(27)
cfn=(78)
calls=2 -20 
* 60
fe=(64)
423 6
fi=(28)
56 2
fe=(64)
423 2
+6 2
+1 10
cfi=(29)
cfn=(82) memcpy
calls=2 210 
* 22
+1 10
cfi=(29)
cfn=(82)
calls=2 210 
* 22
+3 2
+1 4
+4 12
188 6
442 9
-1 4
+1 8
183 6
+27 8
+7 2
+4 2
-6 2
+1 2
+1 2
+1 4
+3 6
-2 2
-29 10
+32 112
+6 8
cfi=(30) ./elf/./elf/dl-load.c
cfn=(204) _dl_dst_count
calls=2 +10 
* 118
* 6
+4 4
-2 2
+2 4
cfi=(50) ./elf/./elf/dl-catch.c
cfn=(160) _dl_catch_exception
calls=2 -28 
* 5605
+1 4
+9 2
+2 4
+5 10
+6 2
+2 2
-8 4
+3 2
+1 2
+1 2
+1 2
+4 2
-3 2
+3 6
+4 6
+1 3
-43 230
+7 4
+38 162
fi=(72)
85 3
fe=(64)
448 5
+1 1
+3 4
+11 5
fi=(28)
56 1
cfi=(27)
cfn=(78)
calls=1 -20 
* 30
fe=(64)
465 3
fi=(28)
56 1
fe=(64)
465 1
+5 2
+1 1
-1 3
+4 3
-2 2
+13 3
+5 3
-16 9
+11 3
-7 3
+7 3
-2 6
-5 1
+7 1
-2 2
+2 1
-11 1
+11 1
+5 1
-16 3
+21 3
+37 2
+15 2
-14 2
+20 1
-1 4
+1 4
-1 5
cfi=(13) ./elf/./elf/dl-sort-maps.c
cfn=(232) _dl_sort_maps
calls=1 298 
* 277
+5 1
+2 1
+1 1
+1 2
-2 1
+2 1
+7 3
+3 2
+3 8
198 25
+3 2
fi=(72)
-70 8
cfi=(71) ./malloc/./malloc/scratch_buffer_set_array_size.c
cfn=(228) __libc_scratch_buffer_set_array_size
calls=2 30 
* 50
fe=(64)
+70 6
+4 4
547 4
cfi=(29)
cfn=(82)
calls=1 210 
* 11
* 3
-53 2
144 2

fn=(206) openaux
61 12
+7 2
-4 6
+1 2
-1 14
cfi=(30)
cfn=(166) _dl_map_object
calls=2 1967 
* 5429
* 2
+5 6

fl=(142) ./elf/./dl-find_object.h
fn=(444) _dl_find_object_from_map
95 8
+1 8
+1 4
+6 20
+1 119
+1 82
+2 12
+5 4

fl=(57) ./misc/../sysdeps/unix/sysv/linux/mmap64.c
fn=(182) mmap
47 12
+3 24
-3 72
+6 24
+5 72
+2 48
-7 29

fl=(140) ./misc/../sysdeps/unix/syscall-template.S
fn=(436) mprotect
117 20
+5 4

fn=(486) munmap
117 5
+5 1

fl=(146) ./elf/./elf/dl-lookup-direct.c
fn=(460) _dl_lookup_direct
74 30
+2 3
-2 6
+4 3
-4 3
+2 3
+2 9
+37 3
-37 9
+1 6
+2 12
+3 25
+2 6
-54 3
+54 3
-54 3
+54 3
-54 9
+1 9
+2 6
+1 6
+12 9
+3 3
+2 6
-2 3
+2 9
cfi=(32) ./string/../sysdeps/x86_64/multiarch/../multiarch/strcmp-sse2.S
cfn=(94) strcmp
calls=3 +45 
* 209
* 6
+4 6
+1 3
-1 3
+1 18
+1 9
cfi=(32)
cfn=(94)
calls=3 +39 
* 198
* 6
+57 27
-23 6

fl=(45) ./elf/./elf/dl-debug.c
fn=(144) _dl_debug_initialize
56 3
+3 2
+4 1
+22 1
+10 1
-32 2
+1 1
+21 2
+5 2
+1 1
+4 1
-4 1
-1 1
+2 1
+3 1
+4 2
+8 2
-50 1
+4 2
+35 6

fn=(196) _dl_debug_update
38 3
+3 3
-1 6
+4 6
+4 3

fn=(150) _dl_debug_state
116 2
+1 2

fl=(15) ./elf/../sysdeps/x86/dl-get-cpu-features.c
fn=(462) __x86_cpu_features
71 1
-32 3
+32 2

fn=(34) _dl_x86_init_cpu_features
37 1
+2 3
+2 1
cfi=(16) ./elf/../sysdeps/x86/cpu-features.c
cfn=(36) init_cpu_features.constprop.0
calls=1 682 
* 7344

fl=(55) ./io/../sysdeps/unix/sysv/linux/fstat64.c
fn=(178) fstat
30 3
+9 12
+33 3

fl=(26) ./elf/./elf/dl-object.c
fn=(84) _dl_add_to_namespace_list
31 12
+2 3
-2 6
+2 3
-2 9
+2 3
cfi=(24) ./elf/../sysdeps/nptl/dl-tls_init_tp.c
cfn=(86) rtld_mutex_dummy
calls=3 +9 
* 9
+2 26
+3 20
+2 2
+2 2
+4 2
+4 2
-4 4
+1 4
+1 4
+3 10
-1 2
cfi=(24)
cfn=(86)
calls=2 -8 
* 6
-4 1
+4 1
-4 2
+1 2
+1 2
+3 5
-1 1
cfi=(24)
cfn=(86)
calls=1 -8 
* 3
-5 2

fn=(72) _dl_new_object
59 45
+3 6
+18 4
+3 2
cfi=(22) ./string/../sysdeps/x86_64/multiarch/../multiarch/strlen-sse2.S
cfn=(62) strlen
calls=2 -26 
* 52
+4 2
-4 2
+4 2
+5 2
-9 6
fi=(28)
-39 4
cfi=(27)
cfn=(74) __minimal_calloc
calls=2 +36 
* 183
fe=(26)
+39 1
fi=(28)
-39 2
cfi=(27)
cfn=(74)
calls=1 +36 
* 47
* 3
fe=(26)
+51 6
+5 3
+4 3
-6 3
+2 3
+4 3
-5 3
+4 3
+1 3
-1 3
+1 6
cfi=(29)
cfn=(82)
calls=3 210 
* 44
* 3
+15 3
-15 3
+2 3
+13 6
+6 1
+2 7
+3 2
-3 14
+3 4
+2 3
+4 3
+3 10
+2 12
-2 8
+2 8
-2 16
+16 6
-5 3
+5 3
-6 3
+6 3
-6 3
+6 6
+2 4
+3 4
-3 4
+7 8
+4 6
+8 1
+13 1
-10 2
+10 5
-10 4
+10 6
+2 2
cfi=(22)
cfn=(62)
calls=2 57 
* 70
+21 2
-21 6
+17 2
-13 6
+50 6
cfi=(29)
cfn=(126)
calls=2 -48 
* 34
* 2
+5 4
+1 4
-1 80
+1 80
+4 4
+1 2
+3 2
+4 27
131 6
-8 2
-4 4
+34 1
+7 4
+8 8
fi=(28)
56 4
cfi=(27)
cfn=(78)
calls=2 -20 
* 60
* 2
fe=(26)
200 4
-1 4
64 2
+2 3
+1 2
+4 6
+6 2

fl=(2) ./elf/./elf/rtld.c
fn=(154) handle_preload_list
869 11
+5 1
-5 2
+5 2
-4 3
+7 3
cfi=(49) ./string/../string/strcspn.c
cfn=(156) strcspn
calls=1 32 
* 240
* 1
+1 3
+9 1
183 1
889 2
183 2
891 2
-80 1
+5 1
-6 1
-4 1
+10 2
-6 1
+4 1
+2 2
-5 1
+1 1
+4 1
cfi=(50)
cfn=(158) _dl_catch_error
calls=1 254 
* 2754
+1 3
+8 3
+67 1
-18 2
+21 9
-15 4
cfi=(29)
cfn=(82)
calls=1 210 
* 19
+1 2

fn=(2) _dl_start
517 16
85 1
547 4
85 1
543 1
fi=(6) ./elf/../sysdeps/x86_64/dl-machine.h
55 1
fe=(2)
+30 1
546 1
85 1
fi=(3) ./elf/./get-dynamic-info.h
-40 1
fe=(2)
546 1
fi=(3)
45 2
+23 18
-23 72
+4 36
+3 5
-1 10
+3 20
+1 16
+1 5
fi=(4) ./elf/../sysdeps/generic/ldsodefs.h
+23 1
fi=(3)
+31 1
-38 3
+12 4
+1 3
+1 4
+1 4
+1 5
+1 3
+1 4
+1 4
+12 7
+7 2
-51 4
+64 3
+6 3
+1 3
+3 2
+1 3
+5 5
+3 5
fe=(2)
563 154
fi=(4)
79 1
fe=(2)
563 1
fi=(4)
79 2
fe=(2)
563 27
fi=(6)
287 3
fi=(5) ./elf/./elf/do-rel.h
49 1
fe=(2)
563 1
fi=(5)
50 1
-1 2
+4 1
-3 1
+3 4
+3 2
-7 1
fe=(2)
563 1
fi=(5)
50 1
-1 2
+4 1
-3 1
+3 4
+3 2
+7 3
+2 3
-2 6
fi=(6)
278 3
fi=(5)
64 6
fi=(6)
278 6
+9 24
+3 6
+1 6
+26 8
+6 2
fi=(5)
61 13
fe=(2)
563 6
fi=(5)
51 1
fi=(4)
+28 2
fi=(3)
-17 4
+2 4
fe=(2)
565 1
+13 1
cfi=(7) ./elf/./elf/dl-minimal.c
cfn=(12) __rtld_malloc_init_stubs
calls=1 42 
* 10
458 2
85 1
476 2
85 3
476 1
cfi=(8) ./elf/./elf/dl-setup_hash.c
cfn=(14) _dl_setup_hash
calls=1 25 
* 27
+2 1
+16 2
-17 1
+11 1
-10 1
+16 1
cfi=(9) ./elf/../sysdeps/unix/sysv/linux/dl-sysdep.c
cfn=(16) _dl_sysdep_start
calls=1 102 
* 157853
* 1
+2 2
+89 9
fi=(3)
103 3
fe=(2)

fn=(66) dl_main
1346 2
197 1
1346 11
199 1
302 1
+1 1
197 1
+99 3
1357 1
cfi=(24)
cfn=(68) __tls_pre_init_tp
calls=1 53 
* 17
2749 1
2538 1
2749 2
2598 1
+2 2
+15 1
-13 2
cfi=(25) ./elf/./elf/dl-environ.c
cfn=(70) _dl_next_ld_env_entry
calls=1 28 
* 47
* 4
cfi=(25)
cfn=(70)
calls=2 28 
* 367
* 9
+4 6
-2 2
+2 6
+1 2
-1 6
+1 17
-1 89
+9 12
2727 3
1373 1
+1 2
-1 2
+1 2
2687 3
-47 2
+10 2
1637 9
cfi=(26)
cfn=(72)
calls=1 59 
* 210
* 1
+2 2
+1 3
+6 1
-5 2
+1 3
+4 1
cfi=(26)
cfn=(84)
calls=1 31 
* 42
+1 2
1116 1
-1 1
1351 1
1143 1
-21 2
+21 2
-19 1
+1 1
-3 1
+21 2
+57 1
-82 1
+25 1
-3 1
+4 1
+19 1
+37 4
-56 102
+56 4
-1 4
+1 8
-1 4
+2 8
+1 1
+2 12
+1 14
+4 8
+1 8
+1 4
+4 12
-72 27
1253 2
+1 22
+6 4
cfi=(30)
cfn=(88) _dl_process_pt_gnu_property
calls=1 868 
* 90
-7 26
+1 13
+6 13
-6 26
fi=(31) ./elf/../sysdeps/x86/dl-prop.h
235 4
+1 2
-87 4
fe=(2)
1148 1
-5 1
+5 2
-5 2
+30 1
-9 2
+2 1
-3 1
+10 2
+18 2
-38 2
-10 1
+10 1
+1 9
-11 2
+1 14
1247 1
1143 1
1247 2
1143 3
1266 4
+3 3
+2 3
1672 3
+2 2
-1 1
+1 1
+1 3
-2 2
cfi=(32)
cfn=(94)
calls=1 98 
* 25
* 2
+7 1
+3 1
-5 1
+3 1
+2 1
+1 2
+4 2
+2 2
fi=(3)
39 4
+4 1
+2 1
+9 1
+1 1
-10 2
+23 26
-23 104
+4 52
+3 6
-1 12
+3 24
+1 20
fe=(2)
1243 1
1143 1
1243 1
1143 2
fi=(3)
72 4
+43 2
+7 3
+1 4
+6 3
+18 4
+5 2
+2 2
+2 2
+2 2
+1 2
+3 4
+2 3
+1 2
+9 2
+6 2
+1 3
+3 3
fe=(2)
1698 4
+7 2
cfi=(8)
cfn=(14)
calls=1 25 
* 27
+3 2
fi=(33) ./elf/./setup-vdso.h
24 2
fi=(36) ./elf/./dl-main.h
+85 2
fi=(35) ./elf/../sysdeps/unix/sysv/linux/dl-vdso-setup.h
-64 1
fi=(36)
+64 3
cfi=(30)
cfn=(106) _dl_init_paths
calls=1 706 
* 2322
fe=(2)
1733 3
cfi=(45)
cfn=(144)
calls=1 56 
* 34
+7 1
-5 1
-2 1
+7 1
+4 1
+1 1
+2 1
-3 3
+1 2
+3 1
+11 1
-13 1
+13 1
+1 2
+5 1
-3 2
+2 1
+1 2
+5 3
+1 5
-1 2
224 1
+1 1
-1 1
+1 3
+1 2
1788 2
+5 1
-1 1
1352 1
1793 1
+24 1
cfi=(46) ./elf/../elf/dl-tls.c
cfn=(146) _dl_count_modids
calls=1 192 
* 6
* 1
fi=(47) ./elf/../sysdeps/generic/dl-debug.h
29 4
+1 1
fe=(2)
1823 1
+1 1
cfi=(45)
cfn=(150)
calls=1 116 
* 2
+1 1
+4 3
cfi=(48) ./elf/./elf/dl-audit.c
cfn=(152) _dl_audit_activity_map
calls=1 29 
* 17
+5 3
+2 1
+2 2
+9 2
+16 4
cfi=(63) ./io/../sysdeps/unix/sysv/linux/access.c
cfn=(200) access
calls=1 25 
* 9
* 2
+76 4
+16 3
85 1
1965 1
85 2
1965 1
85 1
1965 5
85 1
1965 2
cfi=(64)
cfn=(202)
calls=1 143 
* 7218
92 1
+9 1
1971 1
92 2
+9 2
1971 2
+1 6
-1 4
+1 6
-1 12
+4 3
+1 2
+1 1
+2 14
+1 6
+46 1
-42 2
+8 3
+1 2
+2 1
+2 3
+2 1
-4 1
+5 1
-1 2
+14 2
+1 2
+1 3
-25 1
+36 2
+2 1
-2 1
+2 2
-2 1
+1 2
+1 1
-1 2
+1 1
cfi=(50)
cfn=(236) _dl_receive_error
calls=1 186 
* 3949
+10 1
+1 1
-1 1
+1 1
+3 2
837 1
fi=(216) ./elf/../sysdeps/unix/sysv/linux/dl-osinfo.h
39 2
fe=(2)
839 1
fi=(216)
52 1
fe=(2)
848 1
+7 1
-5 1
2047 3
2246 2
+4 1
-4 1
+10 1
-6 1
+6 1
-6 1
+9 2
+8 2
fi=(31)
36 2
+1 3
+3 3
+13 6
-13 3
+9 6
-9 1
+9 16
+4 12
-16 12
+34 1
fe=(2)
2279 1
fi=(31)
71 1
cfi=(76) ./elf/../sysdeps/x86_64/dl-cet.c
cfn=(260) _dl_cet_check
calls=1 361 
* 55
fe=(2)
2282 1
-3 2
+5 1
-2 2
+2 2
+1 6
cfi=(77) ./elf/./elf/dl-reloc.c
cfn=(262) _dl_relocate_object
calls=1 207 
* 67957
85 2
2292 1
85 2
2292 1
+1 17
+2 8
+5 8
+2 8
+6 4
+2 8
+1 24
cfi=(77)
cfn=(262)
calls=3 207 
* 16738
+4 10
+1 2
-23 1
+23 1
cfi=(46)
cfn=(438) _dl_add_to_slotinfo
calls=1 1017 
* 28
-23 3
92 3
+1 1
2325 1
93 1
2325 1
+4 4
+2 1
+7 4
cfi=(46)
cfn=(440) _dl_allocate_tls_init
calls=1 523 
* 149
+3 2
+4 3
+2 2
+33 3
cfi=(147) ./elf/./elf/dl-call-libc-early-init.c
cfn=(464) _dl_call_libc_early_init
calls=1 27 
* 603
+7 1
cfi=(9)
cfn=(480) _dl_sysdep_start_cleanup
calls=1 147 
* 2
+3 3
cfi=(48)
cfn=(482) _dl_audit_activity_nsid
calls=1 41 
* 11
+4 2
cfi=(45)
cfn=(196)
calls=1 38 
* 7
+1 1
-1 1
+2 1
cfi=(45)
cfn=(150)
calls=1 116 
* 2
+1 1
+4 1
cfi=(67) ./elf/./elf/dl-cache.c
cfn=(484) _dl_unload_cache
calls=1 525 
* 19
+5 8
2304 1
+1 1
-3 2
226 2
-2 1
+1 1
1773 1
+6 1
-6 2
+6 1
fi=(3)
56 5
+3 4
fi=(34) ./elf/../sysdeps/unix/sysv/linux/dl-vdso.h
-19 2
+1 5
fi=(35)
-11 1
+3 1
+3 1
+3 1
fi=(34)
+16 2
fi=(3)
+17 3
+12 3
+1 5
+1 5
+1 5
+1 4
+1 5
+1 5
+1 5
+12 2
+7 1
-7 7
+7 2
fe=(2)
1743 4
2357 1
cfi=(141) ./elf/./elf/dl-find_object.c
cfn=(442) _dl_find_object_init
calls=1 561 
* 581
+5 3
cfi=(7)
cfn=(450) __rtld_malloc_init_real
calls=1 76 
* 2479
+3 1
cfi=(145) ./elf/../sysdeps/nptl/dl-mutex.c
cfn=(458) __rtld_mutex_init
calls=1 30 
* 503
85 1
2371 1
+1 3
85 3
2372 2
cfi=(77)
cfn=(262)
calls=1 207 
* 1613
92 3
+9 3
2687 2
+2 1
+1 1
-1 1
+1 1
+1 1
2040 2
cfn=(246) init_tls
calls=1 734 
* 831
* 2
2650 2
+2 2
+1 1
fi=(3)
62 4
+2 4
fe=(2)
1943 10
85 1
1842 2
85 3
1842 2
cfn=(154)
calls=1 869 
* 3084
* 1
92 3
+9 3
1943 6
+1 1
-1 1
+4 3
+1 1
+1 2
+1 2
-7 2

fn=(164) map_doit
641 2
+2 1
-2 4
+2 1
+1 2
-1 2
+1 3
cfi=(30)
cfn=(166)
calls=1 1967 
* 2643
* 1
+2 3

fn=(246)
734 1
+6 1
-6 3
+2 2
+4 2
+11 1
fi=(28)
44 1
fe=(2)
746 1
+4 1
fi=(28)
44 1
cfi=(27)
cfn=(74)
calls=1 +36 
* 41
fe=(2)
761 1
-12 1
+6 1
-9 1
+11 1
+4 1
+2 3
-1 2
+3 8
+4 1
+2 1
-2 2
-5 1
-1 2
+10 3
+3 2
cfi=(46)
cfn=(248) _dl_tls_static_surplus_init
calls=1 97 
* 86
+3 1
cfi=(46)
cfn=(250) _dl_determine_tlsoffset
calls=1 216 
* 79
+7 1
cfi=(46)
cfn=(252) _dl_allocate_tls_storage
calls=1 417 
* 469
* 1
+1 2
+6 1
fi=(74) ./elf/../sysdeps/generic/dl-call_tls_init_tp.h
31 2
fe=(2)
793 1
fi=(74)
31 6
+2 1
cfi=(24)
cfn=(256) __tls_init_tp
calls=1 +35 
* 79
fe=(2)
800 1
-3 1
+3 4
-36 3
-1 7

fn=(238) version_check_doit
674 2
+2 1
-2 4
+2 3
cfi=(73) ./elf/./elf/dl-version.c
cfn=(240) _dl_check_all_versions
calls=1 392 
* 3912
* 2
+4 3

fl=(54) ./io/../sysdeps/unix/sysv/linux/read_nocancel.c
fn=(174) __read_nocancel
25 2
+1 8
+1 2

fl=(147)
fn=(464)
27 1
+2 2
-2 1
+6 3
-6 3
+6 1
-6 2
+6 1
cfi=(146)
cfn=(460)
calls=1 +41 
* 225
+4 2
+2 3
+2 1
-1 1
-1 1
+2 2
-1 1
cob=(2) /usr/lib/x86_64-linux-gnu/libc.so.6
cfi=(148) ./elf/./elf/libc_early_init.c
cfn=(466) __libc_early_init
calls=1 -7 
* 353

fl=(58) ./misc/../sysdeps/unix/sysv/linux/setvmaname.c
fn=(184) __set_vma_name
33 2
+2 7
-2 4
+7 1
-7 2
+7 1
-7 2
+7 1
-7 1
+7 1
cfi=(11) ./elf/./elf/dl-tunables.c
cfn=(28) __tunable_get_val
calls=1 387 
* 24
* 3
+7 1
+2 6

fl=(155) ./elf/./elf/dl-init.c
fn=(498) call_init.part.0
26 48
+17 4
+3 4
-3 8
+3 8
+5 6
+8 9
+1 6
cob=(3) ???
cfi=(153) ???
cfn=(500) 0x000000000483d000
calls=1 -60 
* 7
+3 3
+1 6
+6 4
+2 4
-2 2
+3 13
+1 4
cob=(2)
cfi=(160) ./libio/./libio/vtables.c
cfn=(518) check_stdfiles_vtables
calls=1 545 
* 12
* 8
cob=(2)
cfi=(157) ./csu/./csu/init-first.c
cfn=(510) _init_first
calls=1 -28 
* 72
cob=(4) /usr/libexec/valgrind/vgpreload_core-amd64-linux.so
cfi=(156) ???
cfn=(504) 0x0000000000001110
calls=1 -74 
* 12
-1 9
+3 32
-29 2

fn=(496) _dl_init
81 13
+1 1
+1 1
+3 3
+8 2
+25 1
+1 8
+1 8
-92 8
+6 12
+2 17
+83 6
cfn=(498)
calls=3 -94 
* 206
* 6
+7 8
-98 2
+60 2
-54 3
+2 7
cfn=(498)
calls=1 -11 
* 77
* 2

fl=(63)
fn=(200)
25 1
+2 7
+4 1

fl=(145)
fn=(458)
30 2
+10 3
-10 3
+10 1
-10 1
+10 1
-10 1
+7 1
+3 2
cfi=(146)
cfn=(460)
calls=1 +34 
* 233
+4 2
+1 8
+2 3
-2 1
+2 3
cfi=(146)
cfn=(460)
calls=1 +27 
* 223
+4 2
+1 7
+1 6

fl=(44) ./string/./string/strdup.c
fn=(138) strdup
40 18
+1 3
cfi=(22)
cfn=(62)
calls=3 +16 
* 87
* 3
fi=(217) ./string/../include/rtld-malloc.h
+15 6
cfi=(27)
cfn=(78)
calls=3 -20 
* 90
fe=(44)
-12 6
+3 9
+1 9
-1 3
cfi=(29)
cfn=(82)
calls=3 210 
* 41

fl=(8)
fn=(14)
25 4
+3 4
-3 4
+3 8
+3 12
+1 8
+2 4
-1 4
+3 12
+1 4
+1 8
+7 4
-5 4
-2 4
+3 8
+2 4
+2 8
+5 4

fl=(48)
fn=(542) _dl_audit_preinit
118 1
+1 4

fn=(198) _dl_audit_objopen
77 2
+1 8

fn=(152)
29 2
+2 1
-2 5
+1 1
+1 2
+6 6

fn=(482)
41 1
+4 4
+1 1
+1 5

fl=(50)
fn=(158)
254 6
+2 1
-2 6
+2 1
cfn=(160)
calls=1 -52 
* 2728
+1 2
+1 1
+1 1
-1 1
+1 1
+2 6

fn=(160)
204 18
58 3
204 6
+3 6
+22 3
-1 3
+1 3
58 6
235 9
cfi=(51) ./setjmp/../sysdeps/x86_64/setjmp.S
cfn=(162) __sigsetjmp
calls=3 31 
* 72
* 9
+2 9
cfi=(64)
cfn=(206)
calls=2 61 
* 5473
cfi=(2)
cfn=(164)
calls=1 641 
* 2662
69 3
+1 3
-1 3
+1 3
239 12
-25 3
+34 9
59 6
+11 9

fn=(236)
186 2
58 1
186 4
+2 1
-2 1
58 1
+1 1
+11 1
192 1
+2 1
cfi=(2)
cfn=(238)
calls=1 674 
* 3927
69 2
+1 1
198 1
-1 1
+1 3

fl=(71)
fn=(228)
30 26
+4 2
+1 4
+10 4
+18 2
-17 2
+17 10

fl=(77)
fn=(262)
207 55
+1 10
+12 4
+4 16
-4 4
+6 12
+3 4
-1 4
+1 8
+22 20
+4 4
+7 6
fi=(6)
81 8
fi=(4)
-2 4
fe=(77)
301 8
fi=(4)
79 8
fe=(77)
301 9833
fi=(4)
79 1
fe=(77)
301 1
fi=(4)
79 2
fe=(77)
301 154
-80 8
fi=(6)
393 8
fe=(77)
190 4
+31 4
-31 4
fi=(6)
393 12
fi=(5)
49 4
fe=(77)
301 4
fi=(5)
50 4
+30 4
-31 8
+4 4
-3 4
+3 4
-3 4
+3 12
+27 8
-31 4
fe=(77)
301 4
fi=(5)
50 4
+30 4
-31 8
+4 4
-3 4
+3 4
-3 4
+3 12
+27 8
fe=(77)
301 24
fi=(5)
51 4
fi=(4)
+28 20
fi=(6)
730 8
+4 6
fe=(77)
304 20
+24 4
+3 8
+17 12
+2 40
-98 8
+3 4
+7 2
-9 2
+9 4
fi=(6)
81 4
fi=(5)
+33 24
+9 14
+1 2
fi=(6)
498 2
fi=(5)
124 2
fi=(6)
498 4
fi=(5)
124 4
fi=(6)
498 4
fi=(5)
124 4
fi=(6)
498 8
+5 12
+1 6
fi=(5)
123 6
fi=(6)
504 6
-5 6
fi=(5)
123 12
+3 24
+3 24
+2 21
fe=(77)
+59 6
fi=(5)
73 3
fe=(77)
190 3
fi=(5)
72 3
fe=(77)
190 27
fi=(5)
-57 6
+1 3
+1 3
-2 3
+2 3
+3 3
-5 3
+2 3
-2 3
+1 6
+2 3
-2 3
+2 9
+2 6
-5 332
+1 166
+1 166
-2 166
+2 166
+3 166
-5 166
+2 166
-2 166
+1 332
+2 166
-2 166
+2 498
+2 332
+9 122
fi=(6)
267 244
+7 244
+4 244
fe=(77)
170 488
fi=(4)
-30 321
fe=(77)
+31 214
+3 214
+8 200
-8 891
+12 196
-3 98
+1 98
+2 396
-3 2
+1 2
+2 108
+1 100
-1 100
+2 200
-1 400
+3 600
cfi=(78) ./elf/./elf/dl-lookup.c
cfn=(270) _dl_lookup_symbol_x
calls=100 772 
* 55511
+3 100
+1 200
-4 100
+4 500
fi=(6)
+93 425
+3 104
-3 327
+3 119
-3 119
+5 238
+25 732
423 24
fi=(5)
150 24
fi=(6)
423 194
fi=(5)
150 326
-19 685
+33 12
+1 64
+1 189
+3 94
+4 47
-1 47
-3 47
+2 94
+2 47
-2 94
fe=(77)
-1 188
fi=(6)
287 47
+3 47
-3 47
+4 94
476 94
+2 47
cfi=(15)
cfn=(462)
calls=1 71 
* 6
cob=(2)
cfi=(139) ./string/../sysdeps/x86_64/multiarch/strncase.c
cfn=(432) strncasecmp
calls=1 31 
* 21
cob=(2)
cfi=(138) ./string/../sysdeps/x86_64/multiarch/mempcpy.c
cfn=(428) mempcpy
calls=1 33 
* 22
cob=(2)
cfi=(137) ./wcsmbs/../sysdeps/x86_64/multiarch/wcpcpy.c
cfn=(424) wcpncpy
calls=1 31 
* 18
cob=(2)
cfi=(136) ./string/../sysdeps/x86_64/multiarch/strspn.c
cfn=(422) strspn
calls=1 29 
* 7
cob=(2)
cfi=(134) ./string/../sysdeps/x86_64/multiarch/memchr.c
cfn=(418) memchr
calls=1 29 
* 23
cob=(2)
cfi=(133) ./string/../sysdeps/x86_64/multiarch/memmove.c
cfn=(414) memmove
calls=1 29 
* 22
cob=(2)
cfi=(132) ./string/../sysdeps/x86_64/multiarch/stpcpy.c
cfn=(410) stpcpy
calls=1 33 
* 17
cob=(2)
cfi=(131) ./debug/../sysdeps/x86_64/multiarch/memmove_chk.c
cfn=(406) __memmove_chk
calls=1 29 
* 22
cob=(2)
cfi=(129) ./wcsmbs/../sysdeps/x86_64/multiarch/wmemcmp.c
cfn=(402) wmemcmp
calls=1 29 
* 24
cob=(2)
cfi=(128) ./string/../sysdeps/x86_64/multiarch/strncpy.c
cfn=(398) strncpy
calls=1 29 
* 19
cob=(2)
cfi=(127) ./string/../sysdeps/x86_64/multiarch/strlen.c
cfn=(394) strlen
calls=1 29 
* 25
cob=(2)
cfi=(100) ./wcsmbs/../sysdeps/x86_64/multiarch/wcscat.c
cfn=(390) wcscat
calls=1 31 
* 18
cob=(2)
cfi=(126) ./string/../sysdeps/x86_64/multiarch/strcasecmp_l.c
cfn=(386) strcasecmp_l
calls=1 31 
* 21
cob=(2)
cfi=(125) ./string/../sysdeps/x86_64/multiarch/strcpy.c
cfn=(382) strcpy
calls=1 29 
* 17
cob=(2)
cfi=(123) ./wcsmbs/../sysdeps/x86_64/multiarch/wmemset.c
cfn=(378) wmemset
calls=2 31 
* 20
cob=(2)
cfi=(121) ./string/../sysdeps/x86_64/multiarch/memcmp.c
cfn=(374) bcmp
calls=1 29 
* 24
cob=(2)
cfi=(120) ./string/../sysdeps/x86_64/multiarch/strchrnul.c
cfn=(370) strchrnul
calls=1 31 
* 25
cob=(2)
cfi=(119) ./string/../sysdeps/x86_64/multiarch/strncase_l.c
cfn=(366) strncasecmp_l
calls=1 31 
* 21
cob=(2)
cfi=(117) ./string/../sysdeps/x86_64/multiarch/strcat.c
cfn=(362) strcat
calls=1 29 
* 17
cob=(2)
cfi=(116) ./wcsmbs/../sysdeps/x86_64/multiarch/wcscpy.c
cfn=(360) wcscpy
calls=1 60 
* 16
cob=(2)
cfi=(115) ./string/../sysdeps/x86_64/multiarch/strcspn.c
cfn=(358) strcspn
calls=1 29 
* 7
cob=(2)
cfi=(113) ./string/../sysdeps/x86_64/multiarch/strcasecmp.c
cfn=(354) strcasecmp
calls=1 31 
* 21
cob=(2)
cfi=(112) ./string/../sysdeps/x86_64/multiarch/strncmp.c
cfn=(352) strncmp
calls=1 67 
* 21
cob=(2)
cfi=(110) ./wcsmbs/../sysdeps/x86_64/multiarch/wmemchr.c
cfn=(348) wmemchr
calls=2 31 
* 46
cob=(2)
cfi=(108) ./string/../sysdeps/x86_64/multiarch/stpncpy.c
cfn=(344) stpncpy
calls=1 31 
* 19
cob=(2)
cfi=(107) ./wcsmbs/../sysdeps/x86_64/multiarch/wcscmp.c
cfn=(340) wcscmp
calls=1 30 
* 25
cob=(2)
cfi=(106) ./string/../sysdeps/x86_64/multiarch/strrchr.c
cfn=(336) rindex
calls=1 28 
* 25
cob=(2)
cfi=(104) ./debug/../sysdeps/x86_64/multiarch/memset_chk.c
cfn=(332) __memset_chk
calls=1 29 
* 24
cob=(2)
cfi=(103) ./string/../sysdeps/x86_64/multiarch/strchr.c
cfn=(330) index
calls=1 65 
* 19
cob=(2)
cfi=(100)
cfn=(324) wcschr
calls=2 31 
* 50
cob=(2)
cfi=(98) ./string/../sysdeps/x86_64/multiarch/memcmpeq.c
cfn=(320) memcpy@@GLIBC_2.14
calls=1 29 
* 22
cob=(2)
cfi=(96) ./wcsmbs/../sysdeps/x86_64/multiarch/wcsncpy.c
cfn=(316) wcsncpy
calls=1 31 
* 18
cob=(2)
cfi=(95) ./string/../sysdeps/x86_64/multiarch/memrchr.c
cfn=(312) memrchr
calls=1 29 
* 25
cob=(2)
cfi=(94) ./debug/../sysdeps/x86_64/multiarch/memcpy_chk.c
cfn=(308) __memcpy_chk
calls=1 29 
* 22
cob=(2)
cfi=(92) ./debug/../sysdeps/x86_64/multiarch/mempcpy_chk.c
cfn=(304) __mempcpy_chk
calls=1 29 
* 22
cob=(2)
cfi=(91) ./wcsmbs/../sysdeps/x86_64/multiarch/wcslen.c
cfn=(300) wcslen
calls=1 29 
* 19
cob=(2)
cfi=(89) ./string/../sysdeps/x86_64/multiarch/memset.c
cfn=(296) memset
calls=1 29 
* 24
cob=(2)
cfi=(87) ./wcsmbs/../sysdeps/x86_64/multiarch/wcsnlen.c
cfn=(292) wcsnlen
calls=1 30 
* 19
cob=(2)
cfi=(86) ./string/../sysdeps/x86_64/multiarch/strcmp.c
cfn=(290) strcmp
calls=1 79 
* 19
cob=(2)
cfi=(85) ./string/../sysdeps/x86_64/multiarch/strpbrk.c
cfn=(288) strpbrk
calls=1 29 
* 7
cob=(2)
cfi=(83) ./string/../sysdeps/x86_64/multiarch/strnlen.c
cfn=(284) strnlen
calls=2 31 
* 50
cob=(2)
cfi=(81) ./string/../sysdeps/x86/cacheinfo.c
cfn=(280) __x86_cacheinfo
calls=1 86 
* 28
fi=(5)
165 47
fi=(6)
479 47
fi=(5)
165 100
-14 87
fi=(6)
460 3
+5 2
-1 3
+1 2
-1 1
cfi=(29)
cfn=(82)
calls=1 210 
* 11
+2 5
+1 2
-67 48
+2 64
+4 16
+9 16
-9 32
+9 16
fi=(5)
150 32
fi=(6)
320 29
+3 29
-36 75
fi=(5)
141 47
+1 47
-1 141
+2 47
fi=(6)
287 235
fe=(77)
175 63
+3 7
-1 7
+19 7
-18 14
356 20
+3 4
-3 4
+3 4
+4 8
+1 16
cfi=(140)
cfn=(436)
calls=4 117 
* 24
* 8
-63 6
fi=(5)
180 7
fe=(77)
+10 2
fi=(5)
73 1
fe=(77)
190 3
fi=(6)
436 7
fi=(5)
182 2
+1 2
-1 1
+3 1
-3 4
+3 2
-3 10
+1 10
-1 5
+3 5
-3 20
+3 10
+8 6
fi=(6)
+74 12
+7 12
+4 12
fe=(77)
170 24
fi=(4)
-30 18
fe=(77)
+31 12
+3 12
+8 12
-8 54
+12 12
-3 6
+1 6
+2 36
+4 24
-4 6
+4 18
cfi=(78)
cfn=(270)
calls=6 772 
* 2969
+3 6
+1 12
-4 6
+4 30
fi=(6)
+93 20
+3 2
-3 6
+3 2
-3 2
+5 4
+25 36
423 6
fi=(5)
196 18
-16 24
+31 7
fe=(77)
-33 7
-3 21

fl=(70) ./io/../sysdeps/unix/sysv/linux/pread64_nocancel.c
fn=(224) __pread64_nocancel
25 4
+1 8
+1 2

fl=(43) ./string/../sysdeps/x86_64/multiarch/../multiarch/memset-vec-unaligned-erms.S
fn=(130) memset
132 7
+1 35
+5 7
+1 7
+3 2
+1 2
244 2
+1 2
+12 2
+3 2
+1 2
+12 2
+1 2
+13 2
+1 2
+2 2
+3 1
+3 2
+3 1
+1 1
+1 1
+1 1
+1 1
+1 1
+1 1
-6 34
+1 34
+1 34
+1 34
+1 34
+1 34
+1 34
+3 2
+1 2
+1 2
+1 2
+5 2
+34 5
+2 5
+1 5
+39 5
+1 5
+2 5

fl=(29)
fn=(126)
197 13
+1 13
+1 13
+1 13
+17 13
+1 13
+2 5
+1 5
+1 5
+2 4
+1 4
+1 4
+2 4
+80 8
+1 8
+2 1
+4 1
+1 1
+1 1
+8 1
+39 7
+1 7
+1 7
+1 7
+1 7
+7 1
+1 1
+1 1
+1 1
+1 1
+1 1
+1 1
+11 1
+1 1
+2 1
+1 1
+1 1

fn=(82)
210 16
+1 16
+6 16
+1 16
+2 9
+1 9
+1 9
+2 6
+1 6
+1 6
+2 6
+80 7
+1 7
+2 1
+4 1
+1 1
+1 1
+1 1
+1 1
+4 1
+2 1
+39 6
+1 6
+1 6
+1 6
+1 6
+7 3
+1 3
+1 3
+1 3
+1 3
+1 3
+1 3
+11 3
+1 3
+2 3
+1 3
+1 3

fl=(73)
fn=(242) _dl_check_map_versions
155 40
+15 12
+2 20
+2 4
+1 4
+2 8
+3 4
-16 4
+20 2
-4 2
-24 2
+28 14
+16 4
36 2
200 2
36 14
+1 5
-1 10
+2 21
cfi=(52) ./elf/./elf/dl-misc.c
cfn=(168) _dl_name_match_p
calls=7 +30 
* 664
* 16
208 6
+5 2
fi=(218) ./elf/../sysdeps/generic/_itoa.h
76 6
fe=(73)
213 4
+4 4
+1 4
-1 4
+4 2
-3 2
+3 2
-3 6
-1 10
+1 10
-1 10
+4 5
-3 5
+3 5
-3 35
56 28
+8 21
+6 21
+16 7
+1 14
+2 7
+5 49
+14 128
+12 171
+4 57
-30 114
231 28
+3 21
+5 5
-24 5
110 7
+3 35
cfi=(32)
cfn=(94)
calls=7 -15 
* 221
* 21
224 21
+4 4
+15 6
+14 10
+3 4
+3 14
+3 8
+4 2
-7 8
+3 6
+4 44
-7 176
+3 134
+8 6
+6 6
fi=(28)
44 3
fe=(73)
280 6
fi=(28)
44 3
cfi=(27)
cfn=(74)
calls=3 +36 
* 123
fe=(73)
281 6
-2 3
fi=(28)
44 3
fe=(73)
281 3
+13 3
-3 3
+3 12
+2 6
+3 8
+4 6
+7 7
+1 7
-1 21
+1 7
+1 7
-2 7
+2 14
+1 21
+3 21
+5 5
-15 5
+2 5
-2 5
+2 5
-2 5
+2 10
-2 2
+2 2
-2 2
+2 2
-2 2
+2 4
+16 6
+10 4
+3 4
+4 46
+6 46
+1 46
+1 46
-1 138
+1 46
-1 46
+1 46
+1 46
+3 138
+4 46
-14 96
+10 6
+12 4
+1 4
+1 4
+1 2
+19 36
164 2
-8 2
257 5
+17 3
+60 2
-40 2
+76 4
+2 4
+4 2
-4 120
+1 60
+2 1
+1 2
-1 1
+1 1
cfi=(32)
cfn=(244) strncmp
calls=1 98 
* 32
* 2

fn=(240)
392 7
+4 5
-2 1
+4 24
cfn=(242)
calls=4 155 
* 3840
-2 4
+2 12
-1 4
-1 8
+5 7

fl=(67)
fn=(484)
525 1
+1 4
-1 1
+3 1
-3 1
+3 1
cfi=(140)
cfn=(486)
calls=1 117 
* 6
+7 1
-6 1
+4 1
+2 1

fn=(214) _dl_load_cache_lookup
403 10
+2 2
+3 3
+74 1
205 1
482 2
+3 3
fi=(69) ./elf/../sysdeps/x86/dl-procinfo.h
39 2
+3 3
cfi=(32)
cfn=(94)
calls=1 +56 
* 25
* 4
fe=(67)
208 6
cfi=(11)
cfn=(28)
calls=1 387 
* 23
* 1
+12 1
-10 1
-2 1
+12 2
-7 5
+9 5
+1 1
-32 2
+36 1
-4 1
+4 2
-5 40
+1 8
-32 16
+36 8
-4 8
+4 16
+4 27
cfn=(222) _dl_cache_libcmp
calls=9 357 
* 674
+1 18
346 8
+3 3
220 6
347 5
220 12
+2 10
+20 2
+3 2
+2 4
cfn=(222)
calls=1 357 
* 73
* 2
-7 2
-30 3
+1 1
fi=(219) ./elf/../sysdeps/x86/dl-isa-level.h
28 2
fe=(67)
210 2
fi=(219)
28 1
fe=(67)
210 1
+1 1
-1 3
+76 3
fi=(219)
28 3
fe=(67)
259 2
+10 3
+1 4
+16 1
fi=(68) ./elf/../sysdeps/generic/dl-cache.h
125 1
fe=(67)
286 3
+9 2
+3 2
+3 1
+1 3
+28 2
500 2
+12 2
cfi=(22)
cfn=(62)
calls=1 57 
* 35
+1 1
-1 1
+1 12
+1 1
-1 1
+1 1
-1 1
+1 1
cfi=(29)
cfn=(82)
calls=1 210 
* 11
* 1
+1 1
cfi=(44)
cfn=(138)
calls=1 40 
* 95
+1 8
411 4
cfi=(52)
cfn=(216) _dl_sysdep_read_whole_file
calls=1 36 
* 103
* 1
+8 5
+1 8
+3 3
+1 1
-1 3
fi=(68)
194 1
+1 5
fe=(67)
431 1
+1 2

fn=(222)
357 10
+1 10
+32 10
-33 10
+1 22
+2 50
+2 50
-2 100
+20 98
+2 98
-12 40
+2 40
+14 40
+1 40
-29 80
+32 3
-28 2
+6 1
+2 1
-2 1
+1 1
-1 1
+1 1
-1 1
+2 3
+2 1
-3 1
+3 3
+2 2
+9 27

fl=(78)
fn=(270)
772 660
+3 110
-3 330
+3 110
-3 440
fi=(79) ./elf/../sysdeps/generic/dl-new-hash.h
74 110
+3 220
-8 110
+1 220
+10 110
+1 220
-1 692
+1 1384
+20 752
-2 752
+6 752
-3 1504
+2 752
-30 752
+3 1504
fe=(78)
774 110
+1 110
+3 110
-4 110
+1 110
+7 422
+5 110
-2 110
+2 110
-2 110
+6 1575
+1 1540
cfn=(274) do_lookup_x
calls=110 347 
* 39975
* 330
+28 110
-23 330
+23 110
-23 220
+24 602
+7 103
-7 103
+35 412
+34 412
-20 309
+3 206
-57 110
+76 990
fi=(79)
87 50
+1 50
+1 100
+1 50
fe=(78)
871 2
-72 42
+18 21
+11 28

fn=(276) check_match
70 1605
+3 638
+13 105
-13 105
+13 105
-13 105
+13 315
+3 386
cfi=(32)
cfn=(94)
calls=44 +9 
* 2444
* 88
+4 105
+1 210
+2 206
+19 206
+1 824
+2 4
+43 103
+1 856
-18 4
+2 4
+1 2
-1 4
+1 6
-1 4
-68 4
+39 303
cfi=(32)
cfn=(94)
calls=101 -19 
* 2730
* 202
-44 8
+5 4

fn=(274)
347 990
+1 110
-1 440
+6 110
-6 110
+65 110
-58 110
+11 110
+50 110
-3 220
+3 220
-50 110
+50 440
-19 1065
+8 355
-4 355
+1 355
+3 1420
+1 710
+3 355
-3 355
+4 710
+4 710
-2 355
+5 1420
+3 2485
+99 759
358 712
+3 712
+4 718
+21 710
+4 710
+71 824
fi=(4)
139 206
+1 309
fe=(78)
476 206
fi=(80) ./elf/../sysdeps/generic/dl-protected.h
29 412
fe=(78)
483 792
+16 206
+1 103
+22 103
-21 103
+21 721
-99 315
-1 210
+2 210
+2 105
+6 420
-6 105
+6 735
+7 399
-10 1180
+2 107
+1 321
-1 107
+1 214
-1 107
+1 107
+1 107
-1 107
+1 107
-1 749
cfn=(276)
calls=107 70 
* 11685
+4 321
+3 8
+31 16
+52 7
-1 7
+1 49
-35 24

fl=(76)
fn=(260)
361 8
-76 1
-10 2
+2 2
-1 1
+6 1
+3 1
+8 1
-11 1
+1 1
-1 1
+1 1
-1 1
+1 1
+10 4
+3 1
+4 2
+2 2
-1 1
+2 2
+2 2
-1 2
+4 1
+2 1
+3 2
145 2
+12 2
+16 1
+6 1
363 6

fn=(492) _dl_cet_setup_features
331 1
+3 2
+16 1

fl=(32)
fn=(94)
98 195
+33 195
+1 195
+2 195
+1 195
+21 195
+1 195
+1 162
+1 162
+1 154
+1 154
+1 154
+1 154
+17 154
+1 154
+1 154
+1 154
+1 154
+1 154
+1 154
+5 14
+1 42
+9 14
+1 14
+1 14
+1 14
+1 14
+1 14
+1 14
+1 14
-7 41
+1 41
+1 41
+1 41
+1 41
+1 41
+1 41
+1 41
+1 53
+1 24
+1 24
+1 24
+2 24
+1 24
+1 24
+1 24
+1 24
+1 24
-5 29
+1 29
+1 29
+1 29
+1 29
+1 29
+10 2
+1 2
+1 2
+2 2
+6 2
+1 2
+1 2
+1 2
+1 2
+5 2
+52 6
+1 6
+1 6
+1 6
+1 6
+2 6
+1 6
+1 6
+1 6
+1 6
+1 6
+1 6
+1 6
+3 6
+1 6
+1 6
+6 6
+1 6
+1 12
+4 6
+1 6
+3 6
+1 6
+1 6
+2 6
+1 6
+1 6
+4 6
+1 6
+1 6
+1 6
+1 6
+1 6
661 1
+1 1
+1 1
+1 1
+1 1
+2 1
+1 1
+1 1
+1 1
+1 1
+1 1
+1 1
780 1
+1 1
+1 1
+1 1
+1 1
+2 1
+1 1
+1 1
+1 1
+1 1
+1 1
+1 1
899 3
+1 3
+1 3
+1 3
+1 3
+2 3
+1 3
+1 3
+1 3
+1 3
+1 3
+1 3
+1 2
+4 2
+1 2
+1 2
+6 2
+1 2
+1 4
+4 2
+1 2
+3 2
+1 2
+1 2
+2 2
+1 2
+1 2
+4 2
+1 2
+1 2
+1 2
+1 2
+1 2
+7 1
+1 1
+2 1
+1 1
+2 1
+1 1
+1 1
+2 1
+1 1
+1 1
+4 1
+1 1
+1 1
+1 1
+1 1
+1 1
+41 1
+1 1
+1 1
+1 1
+1 1
+2 1
+1 1
+1 1
+1 1
+1 1
+1 1
+1 1
+1 1
+4 1
+1 1
+1 1
+6 1
+1 1
+1 2
+4 1
+1 1
+3 1
+1 1
+1 1
+2 1
+1 1
+1 1
+4 1
+1 1
+1 1
+1 1
+1 1
+1 1
+69 4
+1 4
+1 4
+1 4
+1 4
+2 4
+1 4
+1 4
+1 4
+1 4
+1 4
+1 4
1256 4
+1 4
+1 4
+1 4
+1 4
+2 4
+1 4
+1 4
+1 4
+1 4
+1 4
+1 4
1375 6
+1 6
+1 6
+1 6
+1 6
+2 6
+1 6
+1 6
+1 6
+1 6
+1 6
+1 6
+1 5
+4 5
+1 5
+1 5
+6 5
+1 5
+1 10
+4 5
+1 5
+3 5
+1 5
+1 5
+2 5
+1 5
+1 5
+4 5
+1 5
+1 5
+1 5
+1 5
+1 5
+69 4
+1 4
+1 4
+1 4
+1 4
+2 4
+1 4
+1 4
+1 4
+1 4
+1 4
+1 4
+1 4
+4 4
+1 4
+1 4
+6 4
+1 4
+1 8
+4 4
+1 4
+3 4
+1 4
+1 4
+2 4
+1 4
+1 4
+4 4
+1 4
+1 4
+1 4
+1 4
+1 4
+69 3
+1 3
+1 3
+1 3
+1 3
+2 3
+1 3
+1 3
+1 3
+1 3
+1 3
+1 3
+1 1
+4 1
+1 1
+1 1
+6 1
+1 1
+1 2
+4 1
+1 1
+3 1
+1 1
+1 1
+2 1
+1 1
+1 1
+4 1
+1 1
+1 1
+1 1
+1 1
+1 1
+7 1
+1 1
+2 1
+1 1
+2 1
+1 1
+1 1
+2 1
+1 1
+1 1
+4 1
+1 1
+1 1
+1 1
+1 1
+1 1
+41 8
+1 8
+1 8
+1 8
+1 8
+2 8
+1 8
+1 8
+1 8
+1 8
+1 8
+1 8
+1 5
+4 5
+1 5
+1 5
+6 5
+1 5
+1 10
+4 5
+1 5
+3 5
+1 5
+1 5
+2 5
+1 5
+1 5
+4 5
+1 5
+1 5
+1 5
+1 5
+1 5
+7 1
+1 1
+2 1
+1 1
+2 1
+1 1
+1 1
+2 1
+1 1
+1 1
+4 1
+1 1
+1 1
+1 1
+1 1
+1 1
+41 9
+1 9
+1 9
+1 9
+1 9
+2 9
+1 9
+1 9
+1 9
+1 9
+1 9
+1 9
+1 4
+4 4
+1 4
+1 4
+6 4
+1 4
+1 8
+4 4
+1 4
+3 4
+1 4
+1 4
+2 4
+1 4
+1 4
+4 4
+1 4
+1 4
+1 4
+1 4
+1 4
+69 3
+1 3
+1 3
+1 3
+1 3
+2 3
+1 3
+1 3
+1 3
+1 3
+1 3
+1 3
+2 2
+4 2
+1 2
+1 2
+6 2
+1 2
+2 4
+4 2
+1 2
+3 2
+1 2
+1 2
+2 2
+1 2
+1 2
+4 2
+1 2
+1 2
+1 2
+1 2
+1 2
+71 30
+2 30
+1 30
+1 30
+1 30
-3 25
+1 25
+1 25
+1 25
+1 48
+5 24
+6 24
+1 24
+8 24
+1 24
-16 171
+6 171
+1 171
+8 171
+1 171

fn=(244)
98 1
+27 1
+1 1
+1 1
+1 1
+1 1
+2 1
+1 1
+2 1
+1 1
+21 1
+1 1
+1 1
+1 1
+1 1
+1 1
+1 1
+1 1
+17 1
+1 1
+1 1
+1 1
+1 1
+1 1
+1 1
2104 1
+3 1
+1 1
+2 1
+1 1
+8 1
+1 1

fl=(24)
fn=(68)
53 3
+3 8
+5 1
-5 1
+5 1
+1 1
-6 1
+8 1

fn=(256)
68 2
fi=(220) ./elf/../include/list.h
-24 1
fe=(24)
+24 3
fi=(220)
-25 1
fe=(24)
+26 1
+3 1
fi=(220)
-29 1
+1 1
+1 1
+2 1
fe=(24)
+28 4
+1 2
+1 1
+5 2
+5 1
+6 1
-3 1
+3 1
-6 3
+6 1
+12 4
cfi=(11)
cfn=(28)
calls=1 387 
* 24
fi=(75) ./elf/../sysdeps/unix/sysv/linux/rseq-internal.h
-73 3
+8 1
fe=(24)
+81 3
+7 2
+1 3
fi=(75)
-95 7
+3 2
fe=(24)

fn=(86)
42 8
+2 16

fl=(62) ./io/../sysdeps/unix/sysv/linux/close_nocancel.c
fn=(194) __GI___close_nocancel
25 3
+1 12
+1 3

fl=(65) ./io/../sysdeps/unix/sysv/linux/stat64.c
fn=(210) stat
28 6
+1 12
cfi=(66) ./io/../sysdeps/unix/sysv/linux/fstatat64.c
cfn=(212) fstatat
calls=3 146 
* 28

fl=(1) ???
fn=(0) 0x000000000001f540
0 2
cfi=(2)
cfn=(2)
calls=1 517 
0 158526
0 8
cfi=(76)
cfn=(492)
calls=1 331 
0 4
0 10
cfi=(155)
cfn=(496)
calls=1 81 
0 393
0 3
cob=(5) /home/leom/Documents/GitHub/Tool-Memory/profiler
cfi=(161) ???
cfn=(522) (below main)
calls=1 0 
0 8783685162

fl=(66)
fn=(212)
146 6
-55 6
+70 7
+1 1
-2 4
+1 4

fl=(20) ./elf/../sysdeps/x86/dl-cacheinfo.h
fn=(50) handle_intel.constprop.0
255 24
-5 12
+17 12
-17 96
+11 12
+1 12
+5 36
+4 24
+34 96
-29 12
+3 24
-3 12
+3 36
cfn=(52) intel_check_word.constprop.0
calls=12 123 
* 4092
+2 24
+3 60
cfn=(52)
calls=12 123 
* 1272
+2 24

fn=(52)
123 48
-4 72
+10 24
-10 96
+10 48
-10 24
+10 24
-10 24
+10 24
+2 48
+71 48
fi=(21) ./elf/../bits/stdlib-bsearch.h
32 24
fe=(20)
202 120
-71 96
+2 60
+2 120
+8 120
+51 96
+22 48
fi=(21)
28 48
-1 96
+2 216
+2 168
+1 84
fe=(20)
+78 168
+3 324
fi=(21)
-78 264
-6 528
+2 480
+1 240
fe=(20)
+78 480
+15 12
246 144
fi=(21)
37 120
fe=(20)
155 36
+3 36
-6 12
+3 39
+9 18
+23 21
-32 63
+3 63
+4 58
+2 116
+3 84
+1 48
+1 48
+1 30
+2 11
+2 22
+6 14
+3 8
+1 12
-20 15
+12 4
+2 4
+1 4
-2 4
-1 4
+2 8
-2 4
+3 4
-2 12
+2 12
+11 2
-9 12

fn=(56) get_common_cache_info.constprop.0
571 11
+17 1
+1 1
+9 1
-12 1
+2 1
+2 1
+8 1
-11 1
+3 1
+11 2
-5 3
+17 1
+5 3
+4 2
770 5
+1 5
+4 2
+8 1
-1 1
+1 1
+1 1
+1 7
627 5
+3 6
-32 5
+75 4
+8 5
+2 2
-2 1
+6 3
+3 1
+1 5
-4 4
+21 2
-21 4
+2 1
+2 4
-4 1
+6 4
+3 2
+5 1
+2 2
+1 1
+1 1
-2 2
+1 1
-19 4
+46 2
+1 1
+1 2
+1 1
+25 3
630 3
+10 6
+14 2
+4 1
+3 1
+1 1
-4 2
+3 3
+6 4
-37 12
+7 6
-7 3
+7 2
+3 20
+5 2
+4 1
+1 1
-1 2
+1 1
+61 2
+7 1
+2 2
-16 1
+22 1
-6 2
+1 1
+5 1
-30 5

fl=(16)
fn=(36)
682 1
+17 1
-17 7
+3 1
+1 1
+1 1
+3 1
+9 2
+3 6
1001 3
+1 2
+3 2
+1 2
+6 1
+1 1
+1 1
+1 1
fi=(20)
792 1
+1 1
+2 1
+14 2
+85 1
+1 1
+15 1
-5 1
+5 1
-10 1
-6 1
+2 1
+14 1
-15 1
+2 1
-1 1
+2 1
-1 1
+2 1
-1 1
+1 1
+2 1
+1 1
+1 1
+1 1
+35 2
-15 3
+8 2
+27 6
+9 2
+19 2
+8 6
cfi=(11)
cfn=(28)
calls=1 387 
* 23
* 1
+2 2
+3 4
cfi=(11)
cfn=(28)
calls=1 387 
* 23
* 1
+2 2
+3 4
cfi=(11)
cfn=(28)
calls=1 387 
* 23
* 1
+1 5
+16 2
-12 5
cfi=(11)
cfn=(28)
calls=1 387 
* 23
* 1
+1 3
+6 3
+3 1
-3 2
cfi=(11)
cfn=(28)
calls=1 387 
* 23
* 1
+3 5
-3 1
+3 5
cfi=(11)
cfn=(58) __GI___tunable_set_val
calls=1 153 
* 62
+1 10
cfi=(11)
cfn=(58)
calls=1 153 
* 62
+1 11
cfi=(11)
cfn=(58)
calls=1 153 
* 62
+3 10
cfi=(11)
cfn=(58)
calls=1 153 
* 62
+2 10
cfi=(11)
cfn=(58)
calls=1 153 
* 62
+13 1
+2 1
fe=(16)
-23 1
fi=(20)
+21 1
+3 1
fe=(16)
-24 1
fi=(20)
+26 1
-5 1
+2 1
-2 1
+3 1
fe=(16)
-24 1
fi=(20)
+25 1
+3 1
-1 1
fe=(16)
-27 1
cfi=(11)
cfn=(28)
calls=1 387 
* 22
+3 4
cfi=(11)
cfn=(28)
calls=1 387 
* 24
+6 3
+54 1
-1 1
+1 1
+45 4
cfi=(11)
cfn=(28)
calls=1 387 
* 22
+2 4
cfi=(11)
cfn=(28)
calls=1 387 
* 22
+6 4
cfi=(11)
cfn=(28)
calls=1 387 
* 24
+7 8
fi=(20)
974 12
fe=(16)
+68 1
-1 2
+1 3
+44 3
+27 2
-10 2
+1 2
+2 3
+1 2
+2 3
+1 2
fi=(20)
811 2
cfn=(50)
calls=1 255 
* 455
+1 1
-1 1
+1 1
cfn=(50)
calls=1 255 
* 503
+1 1
-1 1
+1 1
cfn=(50)
calls=1 255 
* 530
+4 1
-4 1
+1 2
+3 1
cfn=(50)
calls=1 255 
* 476
+2 1
-2 1
+2 1
cfn=(50)
calls=1 255 
* 468
+3 1
-3 1
+1 2
+2 1
cfn=(50)
calls=1 255 
* 446
+2 1
-2 1
+2 1
cfn=(50)
calls=1 255 
* 447
+3 1
-2 1
-1 1
+3 1
cfn=(50)
calls=1 255 
* 494
+2 1
-2 1
+2 1
cfn=(50)
calls=1 255 
* 495
+1 1
+2 1
-3 1
+1 1
+2 1
cfn=(50)
calls=1 255 
* 521
+2 1
-2 1
+2 1
cfn=(50)
calls=1 255 
* 522
+2 1
-2 1
+2 1
cfn=(50)
calls=1 255 
* 523
+2 4
-2 1
+2 1
cfn=(56)
calls=1 571 
* 223
+93 1
-6 3
+6 1
-6 2
+6 2
-6 2
+6 2
-1 2
fe=(16)
708 6
cfn=(38) get_common_indices.constprop.0
calls=1 398 
* 74
376 3
+1 2
+1 6
+5 2
713 1
cfn=(42) update_active.constprop.0
calls=1 72 
* 222
+2 1
+2 1
1015 1
715 2
878 2
+7 2
+2 2
+4 2
+6 2
+2 1
706 2
-3 1
384 6
+5 2
+1 7
717 1
fi=(20)
987 1
-48 1
fe=(16)
717 1
fi=(20)
987 2
fe=(16)
717 6
+4 7
+78 1
-25 3
+92 2
+3 2
fi=(20)
+38 1
fe=(16)
-37 1
-89 2
+51 2

fn=(42)
72 8
+4 1
+37 1
+4 1
-31 1
-1 1
-1 1
+25 1
-14 1
-10 1
-1 2
+25 1
-24 1
+19 1
-10 1
+9 1
+6 1
+7 1
-22 1
+9 1
+13 2
-4 1
-18 1
+22 1
-13 1
+9 1
+4 1
+5 1
-9 1
+9 2
-4 1
+4 2
+1 1
-28 1
+28 1
-19 1
+6 1
+3 1
+10 1
+2 1
-1 1
+6 1
-5 1
-1 2
+5 1
+2 1
-2 4
+1 1
+1 1
-1 2
+1 1
-1 1
+3 2
+1 4
+14 2
356 2
+4 3
fi=(18) ./elf/../sysdeps/unix/sysv/linux/x86/dl-hwcap2.h
25 2
fi=(19) ./elf/../sysdeps/x86/get-isa-level.h
+5 1
-2 1
+2 3
fe=(16)
369 1
+1 8
151 2
+1 2
-1 5
+1 2
+2 3
+90 1
+1 1
-1 2
+17 4
+16 2
+5 1
-1 2
+4 4
+4 2
+4 3
+1 2
+3 1
-1 1
+9 1
-5 1
+2 1
-2 1
+5 1
+51 1
fi=(19)
31 1
fe=(16)
356 2
fi=(19)
32 3
+4 3
fe=(16)
158 4
+3 1
+3 2
+14 1
+2 1
+10 3
-12 1
+12 1
-12 1
+2 2
-2 1
+2 1
+8 1
-8 1
+6 3
+2 1
-2 1
+2 3
+7 5
fi=(19)
39 2
+1 4
-2 1
+7 4
+2 1
+1 2
+3 5
+2 4
+1 2
+1 2
+3 1
-1 1
+1 3
fe=(16)
171 1
-5 2
+4 1

fn=(38)
398 3
+4 4
+3 3
+5 2
-5 1
+5 1
-5 1
+4 1
+1 1
+1 4
+1 4
+1 3
+1 2
+7 2
+2 5
+5 1
-5 1
+5 1
-5 1
+5 1
-5 2
+5 1
+7 1
-7 4
+7 1
+1 3
+6 1
-6 4
+6 1
fi=(17) ./elf/../sysdeps/unix/sysv/linux/x86/dl-minsigstacksize.h
24 2
+3 2
+1 2
+37 3
+7 1
+2 1
fe=(16)
457 3

fl=(14) ./elf/../sysdeps/unix/sysv/linux/brk.c
fn=(30) brk
36 1
fi=(221) ./elf/../sysdeps/unix/sysv/linux/brk_call.h
-12 2
fe=(14)
+13 1
+1 2
+6 1
+1 1

fl=(27)
fn=(142) __minimal_free
97 1
+2 4

fn=(78)
36 192
+1 72
+11 69
+3 23
-3 23
+3 46
-3 2
+3 1
-3 1
+3 90
+19 24
+1 24
+2 144
-17 8
+1 4
+2 2
+1 14
cfi=(57)
cfn=(182)
calls=2 -13 
* 52
* 2
+2 4
+2 8
cfi=(58)
cfn=(184)
calls=2 -31 
* 56
+1 6
+2 2
+4 2
-4 4
-24 1
-1 1
+1 1
+1 2
-2 2

fn=(74)
80 8
+4 8
-4 32
+7 8
+1 24
fi=(28)
-32 8
cfi=(27)
cfn=(78)
calls=8 -20 
* 347
fe=(27)

fl=(30)
fn=(132) fillin_rpath.isra.0
468 9
+4 1
-4 8
+6 3
cfi=(7)
cfn=(134) strsep
calls=1 239 
* 240
* 3
cfi=(7)
cfn=(134)
calls=1 239 
* 8
* 6
+7 2
+2 3
cfn=(136) expand_dynamic_string_token
calls=1 -98 
* 125
* 1
+4 2
+5 2
cfi=(22)
cfn=(62)
calls=1 57 
* 17
* 1
+1 2
+7 5
+9 15
+1 8
fi=(28)
50 2
cfi=(27)
cfn=(142)
calls=1 +47 
* 5
+1 1
fe=(30)
528 4
+4 4
fi=(28)
56 1
cfi=(27)
cfn=(78)
calls=1 -20 
* 30
* 1
fe=(30)
534 2
+5 1
+1 2
-1 1
-1 1
+2 1
cfi=(29)
cfn=(126)
calls=1 197 
* 13
+3 1
-3 1
+1 1
+2 1
+6 1
+1 1
-1 3
+1 5
+1 1
-1 1
+1 1
-1 3
+1 1
-1 2
+1 1
+2 2
+1 3
+1 1
+6 2
+1 1
+3 3
-60 2
-22 2
+88 1
+3 8
-24 2

fn=(166)
1967 36
+8 6
+1 12
+3 51
+5 49
+2 21
cfi=(52)
cfn=(168)
calls=7 68 
* 769
* 14
+4 12
+1 18
+4 2
-1 10
+1 2
+1 2
-1 2
+1 4
cfi=(32)
cfn=(94)
calls=2 98 
* 50
* 4
2270 29
2011 6
-1 4
+9 2
-50 2
+50 4
+17 4
-2 2
+2 2
cfi=(41) ./string/../sysdeps/x86_64/multiarch/../multiarch/strchr-sse2.S
cfn=(118) index
calls=2 32 
* 48
* 4
2202 2
-1 3
cfn=(136)
calls=1 385 
* 175
+6 1
-7 1
+1 1
+2 2
+4 7
cfn=(170) open_verify.constprop.0
calls=1 1572 
* 106
+3 2
-3 1
+3 1
+12 4
+45 1
+1 5
-1 1
+1 8
cfn=(176) _dl_map_object_from_fd
calls=1 944 
* 1940
-1 1
+1 5
-1 1
+1 8
cfn=(176)
calls=1 944 
* 2374
* 6
2040 2
cfi=(22)
cfn=(62)
calls=1 57 
* 17
* 2
+2 2
+7 4
+51 13
cfn=(208) open_path
calls=1 1812 
* 580
+6 1
-6 1
+6 2
2222 4
+46 2
682 1
2107 1
682 2
2135 2
cfi=(67)
cfn=(214)
calls=1 403 
* 1407
* 1
+2 2
+4 2
+31 1
-23 2
+23 7
cfn=(170)
calls=1 1572 
* 137
+4 2
-4 1
+4 1
+1 1
+17 2
2074 5
682 1
2075 1
682 3
2099 2
+1 2
-47 1
+1 1
696 5
2058 3
682 1
2059 1
682 2
2073 5
+1 2
+41 1
+14 2
+2 3
-47 2

fn=(170)
1572 50
+32 5
-32 10
+32 10
+19 20
cfi=(53) ./io/../sysdeps/unix/sysv/linux/open64_nocancel.c
cfn=(172) __open_nocancel
calls=5 28 
* 109
* 5
+2 10
+8 2
+1 4
+5 2
-5 2
+5 10
cfi=(54)
cfn=(174)
calls=2 25 
* 12
+2 4
+2 4
+2 4
+6 4
+17 26
+81 4
+5 4
+6 8
+6 4
+6 2
+1 2
-1 6
+1 6
+26 45
-22 13
+1 2
-1 1
+1 1
cfi=(70)
cfn=(224)
calls=1 25 
* 7
* 2
1668 3
-59 6
1777 2

fn=(176)
944 20
+15 2
-15 4
+15 2
-15 4
+15 4
+77 8
+10 4
+7 14
cfi=(26)
cfn=(72)
calls=2 59 
* 861
* 2
+1 4
+11 2
+5 2
-4 2
-1 2
+2 2
+2 2
-2 2
+2 4
+1 6
+1 2
+19 2
-2 1
+2 12
-2 1
+2 28
+10 2
-10 2
+10 6
+27 2
-33 2
-3 2
+2 2
-1 2
+35 2
+9 2
-50 2
+41 2
+9 2
-36 2
+63 10
-62 86
+26 56
+8 16
+1 8
-1 8
+1 32
+1 8
-1 8
+1 8
+2 8
-2 8
+2 8
+2 8
-4 8
+1 8
+3 8
-4 8
+4 40
+2 16
+13 16
+1 30
+5 6
+1 54
-28 12
-35 18
+62 2
+1 18
-28 4
-35 51
+1 127
1213 2
1100 2
1213 4
1100 6
1218 14
+10 6
+1 2
-1 2
+1 2
-1 6
+1 6
-1 6
+1 6
-1 18
1066 4
1235 4
+10 8
+7 8
fi=(59) ./elf/./dl-map-segments.h
28 2
fe=(30)
1252 6
fi=(59)
28 4
+1 16
cfi=(57)
cfn=(182)
calls=2 +18 
* 56
+73 4
-1 2
-72 2
+73 2
+3 4
+1 2
+2 2
-3 2
+1 2
+2 2
+17 2
-44 2
fi=(60) ./elf/./dl-load.h
+10 16
fi=(59)
+58 32
+6 2
+2 2
-2 2
+1 2
+2 4
-1 4
+3 4
+5 4
+3 6
+8 12
cfi=(43)
cfn=(130)
calls=2 -44 
* 287
* 2
+6 4
+12 8
-59 48
+2 24
+2 48
cfi=(57)
cfn=(182)
calls=6 -92 
* 126
* 12
fe=(30)
1264 2
fi=(56) ./elf/../sysdeps/posix/dl-fileid.h
37 4
cfi=(55)
cfn=(178)
calls=2 -7 
* 12
* 4
fe=(30)
989 4
fi=(56)
40 6
fe=(30)
989 2
fi=(56)
40 2
fe=(30)
989 23
+1 10
fi=(56)
49 12
fe=(30)
1519 18
1074 13
+1 2
-1 1
+1 1
-1 1
+1 1
cfi=(70)
cfn=(224)
calls=1 25 
* 7
* 2
+46 2
+1 1
-15 4
+7 2
+2 2
-2 2
+1 2
+1 2
-1 4
+1 16
+60 3
+5 1
-1 2
+5 1
-5 2
-66 1
+71 4
+1 1
+3 1
-3 1
+8 4
+15 4
+1 2
1008 4
1268 8
+1 6
fi=(61) ./elf/./elf/get-dynamic-info.h
39 4
+6 2
-2 2
+11 2
+1 2
-10 4
+8 3
+15 3
-23 12
+23 44
-23 176
+4 94
+3 13
-1 26
+3 40
+1 32
+1 10
+16 8
+12 7
+1 8
+1 8
+1 8
+1 7
+1 7
+1 7
+1 8
+12 2
+7 2
-7 14
+7 5
+5 2
+7 2
+1 6
+6 6
+1 3
+17 6
+5 2
+2 2
+2 2
+2 2
+4 6
+2 6
+1 4
+9 4
+6 4
+4 4
fe=(30)
1275 4
+1 4
+2 4
+10 6
+19 6
+2 12
+52 6
+1 2
+6 18
+1 42
+6 8
cfn=(88)
calls=2 868 
* 154
-7 52
+1 25
+6 25
-6 50
fi=(31)
149 8
fe=(30)
1380 4
cfi=(62)
cfn=(194)
calls=2 25 
* 12
* 4
+13 4
+2 8
+2 4
+16 4
cfi=(8)
cfn=(14)
calls=2 25 
* 54
+4 4
+1 4
+17 4
+1 1
+3 1
+5 1
-5 1
+5 1
-5 1
+5 1
-5 1
+5 1
+5 4
+12 16
+10 4
+1 4
+5 2
cfi=(46)
cfn=(226) _dl_assign_tls_modid
calls=1 125 
* 12
+7 6
cfi=(26)
cfn=(84)
calls=2 31 
* 106
+3 4
+4 4
cfi=(45)
cfn=(196)
calls=2 38 
* 14
* 2
+1 6
+22 14
+1 6
cfi=(48)
cfn=(198)
calls=2 77 
* 10
* 2
fi=(60)
92 4
+2 1
-1 1
+1 1
-1 1
+1 1
-1 1
+1 1
-1 2
+3 4
fi=(61)
-37 8
+3 8
+2 8
181 3
-22 2
fe=(30)
1510 4
1074 2
fi=(59)
186 8
cfi=(57)
cfn=(182)
calls=1 47 
* 21
+3 2
fe=(30)
1462 6
+2 1
-1 5
+1 1
-1 1
+1 1
-1 1
cfi=(32)
cfn=(94)
calls=1 98 
* 25
* 2
+2 5

fn=(106)
706 11
+14 1
-14 2
+14 2
cfi=(37)
cfn=(108)
calls=1 172 
* 1244
fi=(28)
56 1
fe=(30)
720 1
fi=(28)
56 1
cfi=(27)
cfn=(78)
calls=1 -20 
* 30
fe=(30)
725 1
+2 3
+8 2
-1 3
+5 3
fi=(28)
56 1
cfi=(27)
cfn=(78)
calls=1 -20 
* 30
fe=(30)
739 1
+2 4
+7 1
+8 1
+2 1
+12 2
-23 1
+9 1
+11 1
-4 1
-5 1
+3 2
+7 2
+2 2
-11 1
+11 3
-8 1
+4 1
+1 3
+1 16
cfi=(43)
cfn=(130)
calls=4 132 
* 56
+2 15
-14 3
+10 3
+4 9
-12 3
-2 3
+2 3
+4 3
-3 3
+3 3
+1 3
-2 3
+5 9
+1 6
+3 1
+15 1
-8 1
+5 1
-6 1
+9 2
+2 4
+2 3
+36 5
+2 2
cfi=(22)
cfn=(62)
calls=1 57 
* 17
* 9
-19 1
-2 1
+2 2
+19 9
cfi=(29)
cfn=(82)
calls=1 210 
* 11
* 1
+5 4
-1 2
+2 1
+1 2
-2 4
+1 13
+1 26
-2 52
+5 1
fi=(28)
56 1
cfi=(27)
cfn=(78)
calls=1 -20 
* 30
fe=(30)
836 1
fi=(28)
56 1
fe=(30)
838 2
+6 6
cfn=(132)
calls=1 468 
* 581
+3 3
+6 1
+4 8
-35 2
+5 2

fn=(208)
1812 8
+1 1
-1 3
+1 1
+6 2
+5 17
+67 2
-74 1
+7 3
+57 1
-65 1
+65 1
+10 2
-64 2
+8 6
+7 2
-11 1
+12 1
-1 4
cfi=(29)
cfn=(126)
calls=1 197 
* 13
+1 21
+3 6
+5 21
cfi=(29)
cfn=(126)
calls=3 197 
* 39
* 12
cfi=(29)
cfn=(126)
calls=3 197 
* 39
+3 6
+6 9
+3 21
cfn=(170)
calls=3 1572 
* 168
* 3
+2 9
+2 6
+93 9
-88 6
+1 21
+6 3
+2 6
-2 6
+2 3
cfi=(65)
cfn=(210)
calls=3 28 
* 46
* 3
+3 3
-3 6
+1 2
+9 8
+2 1
-2 2
+2 3
+44 8
+6 2
-2 1
+2 2
+3 3
1822 2
+2 2

fn=(204)
238 4
+3 2
-3 10
+7 2
-7 4
+3 2
cfi=(41)
cfn=(118)
calls=2 32 
* 72
+3 4
+20 18

fn=(88)
868 3
+8 3
-8 6
+8 3
-6 3
+12 6
-13 3
+13 3
-13 3
+13 6
+3 9
+1 6
+1 6
+3 9
+1 9
+4 3
+1 6
+22 3
+2 3
-2 6
+2 9
-20 10
+1 5
+3 10
+3 5
+1 20
fi=(31)
95 20
+7 10
+16 5
-3 10
254 6
+1 3
+2 12
+3 3
-8 4
+5 2
-4 2
+4 6
+3 2
-2 1
fe=(30)

fn=(136)
385 18
241 4
385 2
241 2
cfi=(41)
cfn=(118)
calls=2 32 
* 72
+3 4
410 2
-11 2
+11 12
-11 2
cfi=(44)
cfn=(138)
calls=2 40 
* 180

fl=(13)
fn=(232)
298 12
+8 1
-8 1
+8 2
+4 8
-99 1
-28 1
-2 1
+1 2
+29 1
-28 4
+1 1
-1 1
+1 1
-1 2
+1 3
-1 3
+1 3
-1 6
+28 15
+8 3
-3 1
+2 1
+1 2
-3 1
+5 13
+2 4
-83 20
cfn=(234) dfs_traversal.part.0
calls=4 -5 
* 126
+86 12
+18 4
+32 4
+7 1
+27 1
-47 3
cfi=(29)
cfn=(82)
calls=1 -53 
* 11
* 1

fn=(234)
135 36
+10 4
-2 4
+2 8
+2 8
-7 6
+7 12
+9 8
+15 12
+1 4
+1 24

fn=(26) _dl_sort_maps_init
289 2
+1 2
-1 2
+1 2
cfi=(11)
cfn=(28)
calls=1 +97 
* 24
+2 3
-1 1
+2 2

fl=(25)
fn=(70)
28 3
+1 3
+3 71
+13 61
-13 122
+2 126
+1 20
+5 2
-3 2
+3 2
+2 2

fl=(53)
fn=(172)
28 12
+3 6
-3 12
+3 36
+8 42
+2 6
-2 9
+2 6

fl=(51)
fn=(162)
31 3
+2 3
+9 3
+1 6
+1 3
+4 3
+1 3
+1 3
+1 3
+1 3
+2 6
+2 3
+1 3
+1 3
+2 6
+2 3
+8 3
+3 3
+1 3
+7 3
+1 3

fl=(22)
fn=(62)
57 15
+44 15
+1 15
+1 15
+1 15
+1 15
+1 15
+1 15
+2 15
+2 15
+31 15
+1 15
+1 15
+1 15
+1 15
+1 9
+2 9
+4 6
+1 6
+1 6
+1 6
+1 6
+1 6
+1 6
+1 6
+1 6
+1 6
+1 6
+1 6
+5 48

fl=(23) ./elf/../misc/sbrk.c
fn=(64) sbrk
37 4
+3 1
-3 2
+21 2
+4 2
+16 5

fl=(9)
fn=(18) _dl_sysdep_parse_arguments
78 1
+2 1
-2 6
+1 1
+1 1
-1 1
+2 2
+2 1
-2 1
+2 2
-1 1
+1 2
-1 62
+1 124
+7 56
fi=(10) ./elf/../sysdeps/unix/sysv/linux/dl-parse_auxv.h
-49 1
fe=(9)
+45 1
fi=(10)
-54 1
fe=(9)
+54 1
fi=(10)
-54 1
+1 1
+1 1
+7 3
+1 44
+1 22
-2 22
+2 22
-2 67
fe=(9)
+52 3
+1 1
+1 2
fi=(10)
-49 1
+1 1
fe=(9)
+46 1
fi=(10)
-45 1
+3 1
+1 1
+1 1
+1 1
+2 1
-5 1
-4 1
+1 1
+4 1
+1 1
+3 1
-7 1
-4 1
+1 1
+8 1
fe=(9)
+40 1
-1 1
+2 1
+1 6

fn=(16)
102 5
+4 1
-4 1
+1 1
+3 1
cfn=(18)
calls=1 -28 
* 483
+4 2
cfi=(11)
cfn=(22) __GI___tunables_init
calls=1 261 
* 39236
+3 1
cfi=(13)
cfn=(26)
calls=1 289 
* 38
+2 2
cfi=(14)
cfn=(30)
calls=1 -79 
* 8
fi=(6)
220 1
cfi=(15)
cfn=(34)
calls=1 37 
* 7349
fe=(9)
-98 3
+1 1
cfi=(22)
cfn=(62)
calls=1 -66 
* 17
* 1
+2 2
cfi=(23)
cfn=(64)
calls=1 -88 
* 16
* 3
+12 3
+3 5
cfi=(2)
cfn=(66)
calls=1 1346 
* 110669
+3 4

fn=(480)
147 1
+1 1

fl=(42)
fn=(122)
59 1
+12 1
+1 1
+22 1
+1 1
+45 1
+1 1
+2 1
+1 1
+2 1
+1 1
+2 1
+1 1
+47 1
+1 1
+1 1
+1 1
+1 1
+1 1

fl=(7)
fn=(454) lookup_malloc_symbol
61 8
+3 4
-3 12
+3 4
-3 12
+3 4
-3 4
+2 4
+1 16
cfi=(78)
cfn=(270)
calls=4 772 
* 2196
+4 28
+1 28
+2 4
fi=(144) ./elf/./dl-sym-post.h
-30 8
+12 12
fe=(7)
+19 24

fn=(12)
42 1
+1 2
+1 2
+1 2
+1 2
+1 1

fn=(450)
76 2
+10 1
fi=(143) ./elf/../sysdeps/generic/dl-hash.h
-41 1
-1 1
fe=(7)
+32 8
+11 1
-1 1
fi=(143)
-43 1
+5 3
+14 4
-17 3
+3 15
+14 20
-17 15
fe=(7)
+46 2
fi=(143)
-24 1
fe=(7)
+22 1
+2 2
fi=(143)
-19 1
fe=(7)
+19 1
cfn=(454)
calls=1 -30 
* 574
+1 3
-1 1
+1 1
cfn=(454)
calls=1 -31 
* 563
+1 3
-1 1
+1 1
cfn=(454)
calls=1 -32 
* 648
+1 3
-1 1
+1 1
cfn=(454)
calls=1 -33 
* 583
+5 1
+1 1
+1 1
+1 1
+1 8

fn=(134)
239 2
+3 4
+2 2
+1 4
+4 3
-2 2
+4 28
+5 84
-2 56
+13 1
+4 4
-22 14
+15 14
-15 30

fl=(38)
fn=(110)
29 1
fi=(19)
+2 1
fe=(38)
+7 1
fi=(19)
-8 4
fe=(38)
+22 1
fi=(19)
-20 3
+4 1
fe=(38)
+2 1
fi=(19)
-2 2
+3 4
+1 4
+5 1
fe=(38)
-7 1
fi=(19)
+7 3
fe=(38)
-2 1
fi=(19)
+5 2
+3 5
+2 4
+1 2
+1 2
+3 1
fe=(38)
-10 1
fi=(19)
+10 3
fe=(38)

fl=(141)
fn=(446) _dlfo_process_initial
474 2
+3 2
-3 6
+1 2
+3 4
+26 14
+1 6
+1 8
-1 16
+3 28
+3 24
-7 10
+27 2
-2 2
+2 6
-18 18
+3 6
-1 6
cfi=(142)
cfn=(444)
calls=3 95 
* 189
+2 12

fn=(448) _dlfo_sort_mappings
536 1
+1 2
+3 4
+4 1
+1 1
-1 1
+1 2
-1 1
+1 1
-1 1
+1 6
+1 15
+3 2
-1 2
-3 9
+8 6
+1 4
-1 2
-13 4
+14 6
+1 4
-15 4
+17 1

fn=(442)
561 2
+3 1
-3 3
+5 2
+13 1
cfn=(446)
calls=1 474 
* 81
+1 1
-1 1
+1 1
fi=(28)
56 1
cfi=(27)
cfn=(78)
calls=1 -20 
* 30
fe=(141)
580 1
fi=(28)
56 1
fe=(141)
582 2
+3 2
+5 1
+1 1
cfn=(446)
calls=1 474 
* 282
+3 3
+10 4
-37 2
cfi=(142)
cfn=(444)
calls=1 95 
* 68
* 1
+29 2
cfn=(448)
calls=1 -60 
* 80
+3 6
+2 1

fl=(46)
fn=(146)
192 1
+2 2
+1 1
+15 2

fn=(252)
417 7
+2 1
+11 1
+1 1
fi=(28)
56 1
cfi=(27)
cfn=(78)
calls=1 -20 
* 85
fe=(46)
432 2
+8 3
fi=(28)
44 1
fe=(46)
440 2
+5 1
-5 1
+1 1
+4 304
+19 1
-99 1
+4 1
+1 1
fi=(28)
44 1
cfi=(27)
cfn=(74)
calls=1 +36 
* 41
fe=(46)
371 2
+3 1
+6 2
+90 7

fn=(438)
1017 8
+9 1
-9 1
+6 1
+4 1
+4 3
+34 2
+3 2
+1 3
+3 6

fn=(440)
523 11
+1 2
+4 1
+6 1
-6 1
+6 1
cfi=(24)
cfn=(86)
calls=1 42 
* 3
+3 3
+12 1
-18 1
+42 3
-19 12
+9 3
+1 2
+6 3
+3 1
-2 1
+2 1
-2 1
+2 4
+4 1
-4 1
+4 1
-1 2
+4 2
+1 4
+2 2
+1 2
+17 1
-8 1
+8 1
+2 4
cfi=(29)
cfn=(126)
calls=1 197 
* 13
* 6
cfi=(43)
cfn=(130)
calls=1 132 
* 25
-49 1
+55 1
-55 4
+6 5
+55 2
cfi=(24)
cfn=(86)
calls=1 42 
* 3
+3 2
+3 9

fn=(248)
97 2
+3 1
-3 3
+3 1
-3 1
+3 1
-3 1
+3 1
-3 1
+3 1
cfi=(11)
cfn=(28)
calls=1 387 
* 23
* 1
+1 4
cfi=(11)
cfn=(28)
calls=1 387 
* 23
+1 1
+2 1
-3 1
+1 2
+2 3
+3 1
+2 1
-26 3
+28 3
+1 6

fn=(250)
216 9
+6 4
+3 2
+36 3
+2 1
-2 1
-2 1
-40 1
-1 1
-1 1
+46 2
+23 3
+3 1
-3 5
+2 2
+6 1
-33 2
+20 1
-20 5
+2 2
+3 1
-1 1
+5 2
-5 1
+1 1
-1 1
+3 2
+2 3
+32 2
-1 1
+53 1
-52 5
+2 2
+51 8

fn=(226)
125 1
+16 1
-13 1
-3 3
+3 1
+55 1
-2 1
+5 1
+1 2

fl=(39)
fn=(120)
25 5
+1 3
+21 1
-20 1
+20 3

fn=(114)
51 110
-25 44
+36 5
-7 5
+7 35
-26 24
+5 27
cfi=(41)
cfn=(118)
calls=9 -9 
* 216
* 9
+1 18
+3 6
+11 12
+1 18
+1 12
-2 6
+1 9
+1 6
-28 24
+4 48
+1 12
-1 30
+24 6
+9 12
-5 6
-2 6
+2 42
-19 6
cfi=(22)
cfn=(62)
calls=3 +14 
* 51
* 6

fl=(41)
fn=(118)
32 15
+1 15
+1 15
+1 15
+1 15
+1 15
+1 15
+1 15
+1 15
+1 15
+1 15
+1 15
+1 15
+1 15
+1 15
+1 15
+1 15
+1 15
+1 13
+4 13
+1 13
+1 13
+1 13
+2 13
+4 2
+1 2
+1 2
+1 2
+1 2
+1 2
+1 2
+1 2
+1 2
+1 2
+1 2
+1 2
+1 2
+1 2
+1 2
+1 2
+1 2
+1 2
+1 2
+1 2
+1 2
+1 2
+1 2
+1 2
+52 2
+4 2
+1 2
+1 2
+1 2
+2 2

fl=(11)
fn=(22)
261 8
+22 1
-22 1
128 1
283 1
-22 1
+6 4
42 320
+6 63
-3 63
+3 6223
+4 126
+4 126
fi=(12) ./elf/./elf/dl-tunables.h
160 63
fe=(11)
56 126
fi=(12)
161 40
-1 183
+1 229
-1 126
fe=(11)
281 10332
+6 18711
fi=(12)
160 630
+1 1260
-1 59
+1 236
-1 295
fe=(11)
304 8

fn=(58)
153 15
-81 40
+81 15
-81 10
+10 5
fi=(222) ./elf/./dl-tunable-types.h
+2 5
fe=(11)
+9 40
+1 25
fi=(12)
+47 10
fe=(11)
-26 25
+1 5
+1 5
+1 5
+39 15
fi=(12)
-15 10
fe=(11)
-45 10
+3 5
fi=(12)
+51 5
fe=(11)
-51 5
+4 10
+7 10
+1 10
-12 25

fn=(28)
387 37
+3 74
-3 37
+3 296
+9 34
-9 68
+19 22
+7 222
+2 37
-19 15
+1 15
+9 6

fl=(49)
fn=(156)
32 6
+1 3
+1 2
+5 6
+1 4
+1 4
+1 4
+2 1
+3 3
+1 2
-1 6
+1 4
+3 4
+1 4
+1 4
+1 4
+2 3
+6 1
-1 1
+1 1
+2 2
-1 2
+2 1
+2 6
-5 11
-1 11
+1 11
+2 22
-1 22
+2 11
+2 66
+2 1
+1 3
+1 2
-1 1
+1 1

fl=(52)
fn=(216)
36 2
+3 1
-3 7
+3 1
-3 2
+3 1
cfi=(53)
cfn=(172)
calls=1 -11 
* 20
+1 2
+23 8
-21 4
cfi=(55)
cfn=(178)
calls=1 -12 
* 6
* 2
+2 2
+3 2
+13 2
cfi=(62)
cfn=(194)
calls=1 -35 
* 6
* 1
-11 6
cfi=(57)
cfn=(182)
calls=1 -2 
* 26
* 2

fn=(168)
68 98
+1 28
cfi=(32)
cfn=(94)
calls=14 +29 
* 440
* 28
+3 14
+2 28
+6 15
-6 30
+1 54
cfi=(32)
cfn=(94)
calls=18 +23 
* 592
* 36
+8 3
-13 3
+13 20
-1 11
+1 33

ob=(3)
fl=(153)
fn=(668) 0x000000000487c500
0 356
cob=(2)
cfi=(196) ./string/../sysdeps/x86_64/multiarch/strlen-avx2.S
cfn=(670) __strlen_avx2
calls=178 52 
0 2628

fn=(476) 0x000000000487c720
0 42
cob=(1)
cfi=(11)
cfn=(28)
calls=21 387 
0 493

fn=(514) 0x000000000487c660
0 2
cob=(2)
cfi=(159) ./string/../sysdeps/x86_64/multiarch/strrchr-avx2.S
cfn=(516) __strrchr_avx2
calls=1 53 
0 22

fn=(578) 0x000000000487c6b0
0 1304
cob=(2)
cfi=(174) ./string/../sysdeps/x86_64/multiarch/memmove-vec-unaligned-erms.S
cfn=(580) __memcpy_avx_unaligned_erms
calls=652 255 
0 9544

fn=(500)
0 7

fn=(556) 0x0000000000109170
0 2
cob=(2)
cfi=(168) ./posix/../sysdeps/unix/sysv/linux/sched_setaffinity.c
cfn=(558) sched_setaffinity@@GLIBC_2.3.4
calls=1 32 
0 6

fn=(602) 0x000000000487c3f0
0 2
cob=(2)
cfi=(182) ./malloc/./malloc/malloc.c
cfn=(604) malloc
calls=1 3294 
0 1810

fn=(644) 0x00000000001091d0
0 2
cob=(2)
cfi=(192) ./posix/../sysdeps/unix/sysv/linux/sched_getaffinity.c
cfn=(646) sched_getaffinity@@GLIBC_2.3.4
calls=1 34 
0 43

fn=(530) 0x0000000000109000
0 7

fn=(572) 0x000000000487c590
0 534
cob=(2)
cfi=(172) ./string/../sysdeps/x86_64/multiarch/strchr-avx2.S
cfn=(574) __strchrnul_avx2
calls=267 53 
0 5082

fn=(676) 0x0000000000109180
0 8
cob=(2)
cfi=(182)
cfn=(604)
calls=4 3294 
0 1015

fn=(648) 0x000000000487c740
0 26
cob=(2)
cfi=(193) ./string/../sysdeps/x86_64/multiarch/memset-vec-unaligned-erms.S
cfn=(650) __memset_avx2_unaligned_erms
calls=13 158 
0 173

fn=(656) 0x0000000000109120
0 2
cob=(2)
cfi=(194) ./libio/./libio/putchar.c
cfn=(658) putchar
calls=1 25 
0 217

fn=(540) 0x000000000487c7b0
0 2
cob=(1)
cfi=(48)
cfn=(542)
calls=1 118 
0 5

fn=(664) 0x0000000000109130
0 20
cob=(2)
cfi=(195) ./libio/./libio/ioputs.c
cfn=(666) puts
calls=10 33 
0 7976

fn=(724) 0x0000000000109110
0 6
cob=(2)
cfi=(182)
cfn=(726) free
calls=3 3359 
0 352

fn=(652) 0x000000000487c430
0 118
cob=(2)
cfi=(174)
cfn=(654) __mempcpy_avx_unaligned_erms
calls=59 242 
0 908

fn=(560) 0x0000000000109190
0 100
cob=(2)
cfi=(169) ./debug/./debug/printf_chk.c
cfn=(562) __printf_chk
calls=50 25 
0 248570

ob=(4)
fl=(156)
fn=(504)
0 12

ob=(5)
fl=(161)
fn=(678) measure_read_latency
0 268385360

fn=(680) measure_write_latency
0 268385352

fn=(674) initialize_memory
0 16
cob=(3)
cfi=(153)
cfn=(676)
calls=4 0 
0 1023
0 107354136

fn=(522)
0 12
cob=(2)
cfi=(162) ./csu/../csu/libc-start.c
cfn=(524) __libc_start_main@@GLIBC_2.34
calls=1 242 
0 8783685150

fn=(552) main
0 23
cfn=(554) set_cpu_affinity
calls=1 0 
0 5227
0 2
cfn=(642) verify_cpu_affinity
calls=1 0 
0 10742
0 2
cob=(3)
cfi=(153)
cfn=(664)
calls=1 0 
0 654
0 2
cob=(3)
cfi=(153)
cfn=(664)
calls=1 0 
0 654
0 16
cfn=(674)
calls=4 0 
0 107355175
0 8
cfn=(678)
calls=4 0 
0 268385360
0 12
cfn=(680)
calls=4 0 
0 268385352
0 28
cob=(3)
cfi=(153)
cfn=(560)
calls=4 0 
0 18439
0 16
cfn=(718) measure_bandwidth
calls=4 0 
0 1476120412
0 28
cob=(3)
cfi=(153)
cfn=(560)
calls=4 0 
0 8100
0 8
cfn=(722) measure_maximum_bandwidth
calls=4 0 
0 6663394283
0 6
cob=(3)
cfi=(153)
cfn=(724)
calls=3 0 
0 358
0 9

fn=(554)
0 38
cob=(3)
cfi=(153)
cfn=(556)
calls=1 0 
0 8
0 7
cob=(3)
cfi=(153)
cfn=(560)
calls=1 0 
0 5168
0 6

fn=(534) 0x0000000000001470
0 12

fn=(722)
0 144
cob=(3)
cfi=(153)
cfn=(664)
calls=4 0 
0 2996
0 8
cob=(3)
cfi=(153)
cfn=(664)
calls=4 0 
0 3692
0 36
cfn=(718)
calls=4 0 
0 1400636152
0 42
cfn=(718)
calls=6 0 
0 168414558
0 150
cfn=(718)
calls=30 0 
0 5093629493
0 491082
cob=(3)
cfi=(153)
cfn=(560)
calls=39 0 
0 215753
0 177

fn=(642)
0 30
cob=(3)
cfi=(153)
cfn=(644)
calls=1 0 
0 45
0 7
cob=(3)
cfi=(153)
cfn=(560)
calls=1 0 
0 481
0 9220
cob=(3)
cfi=(153)
cfn=(560)
calls=1 0 
0 729
0 4
cob=(3)
cfi=(153)
cfn=(656)
calls=1 0 
0 219
0 7

fn=(718)
0 8138800615

ob=(2)
fl=(150) ./resource/../sysdeps/unix/sysv/linux/getrlimit64.c
fn=(470) getrlimit
38 2
+1 7
+1 1

fl=(83)
fn=(284)
31 2
fi=(84) ./string/../sysdeps/x86_64/multiarch/ifunc-avx2.h
+9 6
-2 8
fe=(83)
-7 4
fi=(84)
+10 4
+1 6
+3 4
+4 6
+3 10
fe=(83)

fl=(106)
fn=(336)
28 1
fi=(84)
+12 3
-2 4
fe=(106)
-10 2
fi=(84)
+13 2
+1 3
+3 2
+4 3
+3 5
fe=(106)

fl=(148)
fn=(466)
33 9
+2 1
cfi=(149) ./ctype/./ctype/ctype-info.c
cfn=(468) __ctype_init
calls=1 -6 
* 17
+3 1
fi=(151) ./elf/../sysdeps/nptl/pthread_early_init.h
-5 2
fe=(148)
+8 1
-3 1
+3 1
fi=(151)
-8 1
cfi=(150)
cfn=(470)
calls=1 +5 
* 10
* 3
+1 1
+4 5
+7 1
fi=(223) ./elf/../nptl/nptl-stack.h
+16 3
fi=(151)
-16 1
fi=(223)
+16 2
fi=(151)
-7 1
fi=(223)
+7 3
fi=(151)
-9 1
-6 1
+2 2
+4 4
+1 1
+3 1
cfi=(152) ./nptl/./nptl/pthread_mutex_conf.c
cfn=(474) __pthread_tunables_init
calls=1 -1 
* 104
fe=(148)
-9 3
+2 2
-2 1
cfi=(154) ./nptl/../sysdeps/unix/sysv/linux/x86/elision-conf.c
cfn=(478) __lll_elision_init
calls=1 +45 
* 169

fl=(157)
fn=(510)
46 6
+5 2
+4 5
+8 1
-2 1
+10 1
-9 1
+1 1
+9 3
-1 1
cfi=(158) ./misc/./misc/init-misc.c
cfn=(512) __init_misc
calls=1 -41 
* 50

fl=(160)
fn=(518)
545 1
+1 4
+1 3
+1 3
+2 1

fl=(165) ./setjmp/../sysdeps/x86_64/bsd-_setjmp.S
fn=(546) _setjmp
28 1
+2 1
+2 1
cfi=(166) ./setjmp/../sysdeps/x86_64/setjmp.S
cfn=(548) __sigsetjmp
calls=1 -1 
* 35

fl=(214) ./misc/../sysdeps/unix/sysv/linux/setvmaname.c
fn=(742) __set_vma_name
33 14
+2 10
+14 21
-9 4
cob=(3)
cfi=(153)
cfn=(476)
calls=1 -40 
* 26
* 3
+7 1
+1 1

fl=(127)
fn=(394)
29 1
fi=(84)
+11 3
-2 4
fe=(127)
-9 2
fi=(84)
+12 2
+1 3
+3 2
+4 3
+3 5
fe=(127)

fl=(170) ./stdio-common/./stdio-common/vfprintf-internal.c
fn=(570) __printf_buffer
600 600
fi=(197) ./stdio-common/./stdio-common/printf-parse.h
82 50
fe=(170)
600 100
fi=(197)
82 50
fe=(170)
600 50
+27 150
+11 50
-11 50
+11 50
-11 50
+11 100
fi=(197)
82 50
cob=(3)
cfi=(153)
cfn=(572)
calls=50 -82 
* 1059
fe=(170)
653 100
+1 50
fi=(197)
82 100
fe=(170)
654 50
-1 50
cfi=(173) ./stdio-common/./stdio-common/Xprintf_buffer_write.c
cfn=(576) __printf_buffer_write
calls=50 27 
* 2622
+2 150
+4 100
+4 392
-32 49
973 49
642 49
973 98
634 49
+71 868
1044 550
705 434
-13 217
+7 217
+6 434
-14 217
-4 217
+18 217
-10 217
+10 217
-7 217
-4 217
+11 434
-19 217
-1 217
+20 217
-12 217
-9 217
-1 217
+22 217
-15 434
888 39
+5 351
-1 39
+1 273
-2 336
+82 258
+3 4386
+20 1419
+1 129
263 129
+1 129
997 129
744 129
264 258
744 129
263 258
1024 217
fi=(197)
82 217
fe=(170)
1018 217
fi=(197)
82 434
cob=(3)
cfi=(153)
cfn=(572)
calls=217 -82 
* 4557
fe=(170)
1028 434
+1 217
fi=(197)
82 217
fe=(170)
1029 217
-1 217
cfi=(173)
cfn=(576)
calls=217 27 
* 12370
+3 938
fi=(175) ./stdio-common/./stdio-common/vfprintf-process-arg.c
501 156
cfi=(173)
cfn=(576)
calls=39 27 
* 2067
+1 39
-11 39
-88 312
+19 78
-14 78
+47 117
fe=(170)
709 129
814 129
-1 129
+1 258
+26 387
+15 1677
fi=(175)
422 156
+8 78
fe=(170)
726 12
fi=(197)
55 12
-2 12
+2 12
-2 12
+2 12
-2 12
+2 24
+1 24
+9 24
-9 24
+2 24
fe=(170)
807 24
+3 156
-89 180
-1 12
+1 12
-2 24
+65 47
fi=(175)
126 94
+1 329
+74 47
92 47
+1 47
+1 47
201 94
-65 98
+19 637
cfi=(176) ./stdio-common/./stdio-common/_itoa.c
cfn=(584) _itoa_word
calls=49 +14 
* 2835
+11 98
-11 98
+11 196
-5 392
+25 241
+1 2
+14 4
-4 6
+4 94
-4 141
+2 135
+2 90
+7 45
-2 90
+2 135
+3 90
+13 90
fi=(177) ./stdio-common/../include/printf_buffer.h
-61 90
fi=(175)
+70 90
+3 90
136 49
+2 98
fe=(170)
876 8
-5 72
-1 8
+1 64
fi=(175)
308 39
fe=(170)
883 86
fi=(175)
66 47
+1 49
-18 2
-1 4
201 6
58 4
-23 2
+22 4
248 8
+16 8
+7 16
+14 8
fi=(177)
163 8
+1 16
cfi=(198) ./stdio-common/./stdio-common/Xprintf_buffer_pad_1.c
cfn=(684) __printf_buffer_pad_1
calls=4 24 
* 198
* 4
fi=(197)
64 12
+1 12
-1 12
+1 36
-10 12
+13 12
-13 60
fi=(175)
161 49
+9 98
+17 49
+8 49
-8 49
+12 49
-12 49
+8 196
+58 12
-66 282
289 16
cfi=(173)
cfn=(576)
calls=4 27 
* 218
* 4
fi=(177)
163 8
fi=(175)
278 12
-38 180
cfi=(173)
cfn=(576)
calls=45 27 
* 2556
* 45
fe=(170)
+26 129
cfi=(199) ./stdio-common/./stdio-common/printf_fp.c
cfn=(686) __printf_fp_l_buffer
calls=129 1099 
* 161748
1001 129
fi=(175)
258 12
fi=(177)
-95 90
fi=(175)
50 4
+2 4
+1 16
435 78
cob=(3)
cfi=(153)
cfn=(668)
calls=39 0 
* 624
* 78
fi=(197)
55 129
+10 258
-10 645
fi=(177)
+96 36
fe=(170)

fn=(564) __vfprintf_internal
1522 650
+3 251
+4 250
+11 100
+27 550
-42 98
+18 200
cfi=(171) ./stdio-common/./stdio-common/printf_buffer_to_file.c
cfn=(566) __printf_buffer_to_file_init
calls=50 108 
* 1200
+1 250
cfn=(570)
calls=50 600 
* 223431
+1 100
cfi=(171)
cfn=(588) __printf_buffer_to_file_done
calls=50 117 
* 19464
* 50

fl=(178) ./libio/./libio/fileops.c
fn=(636) _IO_file_write@@GLIBC_2.2.5
1174 472
+2 236
-1 118
+6 59
cfi=(190) ./io/../sysdeps/unix/sysv/linux/write.c
cfn=(638) write
calls=59 25 
* 472
+1 118
+5 59
+1 59
-12 118
+4 177
+1 118
+10 177
+3 354
-4 177

fn=(592) _IO_file_overflow@@GLIBC_2.2.5
732 792
+1 396
+7 493
+37 98
-2 196
+3 102
+3 153
+1 153
+1 204
+4 51
+1 306
-45 2
+12 2
+9 3
+5 3
+2 2
-5 1
+5 1
+1 1
-5 1
+1 1
+4 2
-7 1
+10 2
+13 48
-12 48
+1 48
+11 192
-12 48
cfn=(630) _IO_do_write@@GLIBC_2.2.5
calls=48 424 
* 4940
+9 24
-1 12
+1 12
-1 12
cfn=(630)
calls=12 424 
* 1260
* 24
-12 2
+1 2
-28 2
cfi=(179) ./libio/./libio/genops.c
cfn=(594) _IO_doallocbuf
calls=1 343 
* 1943
+1 1
+9 1
-9 5

fn=(590) _IO_file_xsputn@@GLIBC_2.2.5
1198 420
+7 60
-7 120
+6 240
+9 120
-2 240
+17 3
+1 12
+5 12
+2 24
+2 12
-4 12
+2 12
+2 12
-1 12
-1 12
cob=(3)
cfi=(153)
cfn=(652)
calls=12 0 
* 274
-2 47
+2 94
+2 47
-4 47
+2 47
+2 47
-1 47
-1 47
cob=(3)
cfi=(153)
cfn=(652)
calls=47 0 
* 752
+2 59
-2 59
+4 118
+28 540
-55 59
+4 59
-4 59
+1 118
-14 1
+44 1
fi=(189) ./libio/./libio/libioP.h
1025 3
+1 2
fe=(178)
1244 47
fi=(189)
1025 141
+1 94
fe=(178)
1244 144
cfn=(592)
calls=48 732 
* 8257
* 96
+6 96
+1 240
+2 144
+11 96
+1 4
cfi=(179)
cfn=(632) _IO_default_xsputn
calls=1 371 
* 2465
+2 3
-48 2931
-2 1990
446 94
1221 47
+11 141
444 94

fn=(630)
424 60
+2 180
+1 1
-3 177
fi=(189)
1025 59
fe=(178)
424 472
+20 59
-10 118
+7 236
fi=(189)
1025 118
+1 118
fe=(178)
449 236
cfn=(636)
calls=59 1174 
* 2714
* 59
+1 177
+2 59
+4 118
-3 118
-1 118
+4 118
-30 118
+28 59
-28 118
+1 472
+28 118

fn=(598) _IO_file_stat
1147 1
+1 2
cfi=(181) ./io/../sysdeps/unix/sysv/linux/fstat64.c
cfn=(600) fstat
calls=1 30 
* 6

fl=(193)
fn=(650)
158 13
+1 26
+5 13
+1 13
+1 1
+1 1
+1 1
+13 1
+1 1
+2 2
+53 1
+1 1
+6 1
+1 1
+12 1
+3 1
+1 1
+76 12
+9 12
+1 12
+5 11
+1 11
+25 1
+1 1
+1 1
+9 11
+1 11
+5 11

fl=(202) ./stdlib/../sysdeps/x86_64/lshift.S
fn=(694) __mpn_lshift
28 129
+1 129
+1 129
+2 129
+1 129
+1 129
+12 129
+1 129
+1 129
+1 129
+1 129
+1 129
+1 129
+6 129
+1 129
+1 129

fl=(92)
fn=(304)
29 1
fi=(93) ./debug/../sysdeps/x86_64/multiarch/ifunc-memmove.h
+28 3
-1 2
+4 3
+14 2
+3 2
+8 2
+8 2
+3 5
fe=(92)

fl=(158)
fn=(512)
30 1
+1 2
-1 4
+1 4
+2 3
cob=(3)
cfi=(153)
cfn=(514)
calls=1 -33 
* 24
+4 5
+1 3
+2 4

fl=(117)
fn=(362)
29 1
fi=(118) ./string/../sysdeps/x86_64/multiarch/ifunc-strcpy.h
+9 2
+1 1
-1 2
+1 2
+3 2
+4 3
+3 3
fe=(117)
-20 1

fl=(185) ./malloc/./malloc/morecore.c
fn=(618) __glibc_morecore
25 2
+1 4
-1 4
+4 2
cfi=(186) ./misc/./misc/sbrk.c
cfn=(620) sbrk
calls=2 +8 
* 77
+1 4
+4 4

fl=(107)
fn=(340)
30 1
fi=(101) ./wcsmbs/../sysdeps/x86_64/multiarch/ifunc-avx2.h
+10 3
-2 4
fe=(107)
-8 2
fi=(101)
+11 2
+1 3
+3 2
+4 3
+3 5
fe=(107)

fl=(139)
fn=(432)
31 1
fi=(114) ./string/../sysdeps/x86_64/multiarch/ifunc-strcasecmp.h
+6 2
-1 4
fe=(139)
-5 2
fi=(114)
+7 3
+3 2
+4 3
+3 4
fe=(139)

fl=(187) ./misc/../sysdeps/unix/sysv/linux/brk.c
fn=(622) brk
36 2
fi=(224) ./misc/../sysdeps/unix/sysv/linux/brk_call.h
-12 4
fe=(187)
+13 4
+1 4
+6 2
+1 2

fl=(162)
fn=(524)
242 13
+69 3
+1 3
cfi=(163) ./stdlib/./stdlib/cxa_atexit.c
cfn=(526) __cxa_atexit
calls=1 67 
* 72
+25 6
+6 2
-3 2
+10 2
cob=(3)
cfi=(153)
cfn=(540)
calls=1 0 
* 7
+2 2
+8 4
cfi=(164) ./csu/../sysdeps/nptl/libc_start_call_main.h
cfn=(544) (below main)
calls=1 29 
* 8783684980
128 2
+6 3
+1 6
cob=(3)
cfi=(153)
cfn=(530)
calls=1 0 
* 7
* 1
+3 1
+1 2
+3 2
+1 2
-1 1
+2 7
+1 4
cob=(5)
cfi=(161)
cfn=(534)
calls=1 0 
* 12
-1 4

fl=(213) ./misc/../sysdeps/unix/sysv/linux/mmap64.c
fn=(740) mmap
47 2
+3 4
-3 12
+6 4
+5 12
+2 8
-7 10

fl=(86)
fn=(290)
79 1
-31 2
+1 1
-2 4
+2 2
+3 2
+4 3
+3 3
+20 1

fl=(128)
fn=(398)
29 1
fi=(109) ./string/../sysdeps/x86_64/multiarch/ifunc-strncpy.h
+6 5
+1 3
+3 2
+4 3
+3 4
fe=(128)
-17 1

fl=(172)
fn=(574)
53 267
+2 267
+1 267
+1 267
+1 267
+1 267
+3 267
+1 267
+4 267
+1 267
+1 267
+1 267
+1 267
+1 267
+1 267
+1 266
+13 266
+2 532
+12 1
+1 1
+6 1
+1 2
+48 1
+4 1
+1 1
+1 1
+1 1
+1 1
+1 1
+1 1

fl=(182)
fn=(732) _int_free_merge_chunk
4665 5
+1 1
-1 3
+5 6
+3 2
+5 3
+3 2
+1 2
+1 2
1992 3
4689 2
+25 2
-12 1
-1 2
+1 6
-1 1
cfn=(734) _int_free_maybe_consolidate
calls=1 +69 
* 67
+55 1
+1 3
+1 2
-83 3
-2 2

fn=(624) alloc_perturb
1985 18
+2 6

fn=(726)
3359 3
+4 6
-4 9
+14 3
-14 9
+12 3
+4 3
-4 3
+4 6
+17 6
fi=(183) ./malloc/./malloc/arena.c
153 6
fe=(182)
3398 6
cfn=(730) _int_free
calls=2 4495 
* 218
+3 2
+1 12
-23 3
+2 4
+2 1
+1 1
-1 1
+1 1
+1 1
+3 2
cfn=(744) munmap_chunk
calls=1 3024 
* 36
+13 1
+1 6

fn=(736) systrim.constprop.0
2957 6
+9 3
+2 1
+1 2
+5 1
+1 1
-1 2
+4 5
+2 2
-10 1
+50 6

fn=(604)
3294 40
+7 10
1326 8
+19 25
3311 10
+2 20
+3 8
+10 10
+28 30
3248 4
cfn=(614) tcache_init.part.0
calls=1 -6 
* 473
+68 2
+1 4
+1 6
+10 20
cfn=(616) _int_malloc
calls=5 3846 
* 970
+1 25
fi=(183)
153 6
264 1
cfn=(608) ptmalloc_init.part.0
calls=1 -2 
* 1151
fe=(182)
1326 2

fn=(616)
3846 66
1326 12
+19 36
3887 12
1794 6
3914 12
+63 12
+62 84
+1 15
+20 6
-1 6
-1 6
+1 12
+1 12
-2 10
+12 30
-90 1
+2 1
-2 1
+2 2
4487 72
4257 18
+2 15
+3 5
-3 5
+3 10
+1 6
+71 18
-4 6
+1 6
+1 6
-1 6
+1 6
+1 12
+1 18
+5 24
+4 18
+3 12
-3 9
+3 4
-3 3
4443 6
+1 12
+2 12
+3 18
+17 12
4070 1
-91 6
2552 3
+12 3
-12 15
+12 3
+1 6
+3 8
+8 10
cfn=(738) sysmalloc_mmap.isra.0
calls=2 2400 
* 256
* 2
+1 4
4482 4
-22 18
cfn=(624)
calls=6 1985 
* 24
+1 6
-9 6
+2 6
-1 3
+1 3
-3 3
+3 3
+2 3
-2 12
+2 3
+3 6
2553 1
+36 3
+1 1
-1 1
+1 1
+9 4
+9 3
2921 3
+1 1
+4 1
+4 5
+5 1
-2 1
+5 1
-3 2
-3 1
+2 1
+1 1
+1 1
-1 3
+1 1
4482 1
2669 3
+8 2
+1 3
+13 1
+2 1
-2 2
+8 5
+8 2
+48 4
+40 3
+19 2
+3 2
+1 6
+2 1
+1 5
cfi=(185)
cfn=(618)
calls=1 25 
* 33
+12 4
-12 1
+12 1
2008 4
3882 1
2873 1
+3 1
-1 1
+1 4
+12 1
-11 1
+11 2
2783 1
-1 2
2017 2
2745 1
+1 1
+6 3
-6 1
+6 3
-43 3
cfi=(185)
cfn=(618)
calls=1 25 
* 64
+1 2
-1 1
+1 1
2008 1
2711 1
2008 3
2712 1
+3 2
+29 3

fn=(730)
4495 14
+4 6
+6 8
+1 4
+4 10
+8 8
-1 4
+1 4
+29 1
-20 1
-6 1
+6 2
+20 4
1792 1
4561 2
+97 6
-21 2
+3 2
+18 1
-12 1
+12 4
-12 1
cfn=(732)
calls=1 +19 
* 121
3163 1
+4 1
-4 1
+2 4
+1 1
+1 1
4550 1

fn=(614)
3242 4
+9 8
+1 3
cfn=(616)
calls=1 3846 
* 359
+1 2
+8 4
+9 1
fi=(188) ./malloc/../string/bits/string_fortified.h
59 2
fe=(182)
3270 1
fi=(188)
59 86
fe=(182)
3274 3

fn=(734)
4770 11
+6 2
+2 4
+3 3
+3 5
+1 4
+13 7
-13 1
cfn=(736)
calls=1 2957 
* 30

fn=(744)
3024 1
+2 1
-1 1
+1 2
+2 1
-3 1
-1 1
+4 1
+3 2
+7 1
-8 1
+9 1
-8 1
+1 1
+6 3
+1 4
+3 1
+1 3
+6 1
-1 2
cfi=(215) ./misc/../sysdeps/unix/syscall-template.S
cfn=(746) munmap
calls=1 117 
* 6

fn=(738)
2400 10
+13 6
-13 2
+18 4
+3 18
cfi=(213)
cfn=(740)
calls=2 47 
* 52
* 2
+3 4
+4 4
2008 8
2432 8
cfi=(214)
cfn=(742)
calls=2 33 
* 80
+16 6
+19 2
-1 2
+5 2
-4 4
+4 4
+1 8
+3 6
+1 10
+5 14

fl=(115)
fn=(358)
29 1
fi=(225) ./string/../sysdeps/x86_64/multiarch/ifunc-sse4_2.h
+7 5
fe=(115)
-7 1

fl=(134)
fn=(418)
29 1
fi=(135) ./string/../sysdeps/x86_64/multiarch/ifunc-evex.h
+9 3
-1 4
+2 3
+6 2
-3 2
+9 3
+3 4
fe=(134)
-25 1

fl=(173)
fn=(576)
27 484
+1 1452
-1 3388
+4 1928
+2 960
+3 480
fi=(204) ./stdio-common/../string/bits/string_fortified.h
-7 480
fe=(173)
+8 960
fi=(204)
-8 480
fe=(173)
+12 480
fi=(204)
-12 480
cob=(3)
cfi=(153)
cfn=(578)
calls=480 -29 
* 8612
fe=(173)
+11 1440
-9 960
+2 1440
+11 2904

fl=(212) ./stdlib/./stdlib/mul.c
fn=(720) __mpn_mul
48 748
+6 88
+12 88
+76 484
-71 44
+1 88
+69 44
-60 88
cfi=(209) ./stdlib/../sysdeps/x86_64/mul_1.S
cfn=(710) __mpn_mul_1
calls=44 -50 
* 1452
* 88
+2 44
+1 44
+4 88

fl=(94)
fn=(308)
29 1
fi=(93)
+28 3
-1 2
+4 3
+14 2
+3 2
+8 2
+8 2
+3 5
fe=(94)

fl=(126)
fn=(386)
31 1
fi=(114)
+6 2
-1 4
fe=(126)
-5 2
fi=(114)
+7 3
+3 2
+4 3
+3 4
fe=(126)

fl=(167) ./setjmp/./setjmp/sigjmp.c
fn=(550) __sigjmp_save
28 6
+2 2
-1 1
+5 4

fl=(138)
fn=(428)
33 1
fi=(99) ./string/../sysdeps/x86_64/multiarch/ifunc-memmove.h
+24 3
-1 2
+4 3
+14 2
+3 2
+8 2
+8 2
+3 5
fe=(138)

fl=(100)
fn=(390)
31 1
fi=(97) ./wcsmbs/../sysdeps/x86_64/multiarch/ifunc-wcs.h
+9 3
-1 4
+2 3
+3 2
+4 4
fe=(100)
-17 1

fn=(324)
31 2
fi=(101)
+9 6
-2 8
fi=(102) ./wcsmbs/../sysdeps/x86_64/multiarch/wcschr.c
-7 4
fi=(101)
+10 4
+1 6
+3 4
+4 6
+3 10
fe=(100)

fl=(108)
fn=(344)
31 1
fi=(109)
+4 5
+1 3
+3 2
+4 3
+3 4
fe=(108)
-15 1

fl=(113)
fn=(354)
31 1
fi=(114)
+6 2
-1 4
fe=(113)
-5 2
fi=(114)
+7 3
+3 2
+4 3
+3 4
fe=(113)

fl=(129)
fn=(402)
29 1
fi=(130) ./wcsmbs/../sysdeps/x86_64/multiarch/ifunc-memcmp.h
+5 5
+1 2
+1 2
+1 3
+3 2
+4 3
+3 4
fe=(129)
-18 2

fl=(137)
fn=(424)
31 1
fi=(97)
+9 3
-1 4
+2 3
+3 2
+4 4
fi=(226) ./wcsmbs/../sysdeps/x86_64/multiarch/wcpncpy.c
-17 1
fe=(137)

fl=(166)
fn=(548)
31 1
+2 1
+9 1
+1 2
+1 1
+4 1
+1 1
+1 1
+1 1
+1 1
+2 2
+2 1
+1 1
+1 1
+2 2
+2 1
+5 1
+1 1
+17 1
cfi=(167)
cfn=(550)
calls=1 -57 
* 13

fl=(203) ./stdlib/./stdlib/cmp.c
fn=(696) __mpn_cmp
31 87
+4 174
+2 87
+1 87
+1 174
+8 435

fl=(205) ./stdlib/../sysdeps/x86_64/rshift.S
fn=(700) __mpn_rshift
28 216
+1 216
+1 216
+1 216
+13 216
+1 216
+16 216
+1 216
+1 216
+1 216
+1 216
+1 216
+1 216
+5 216
+1 216
+1 216
+1 216
+1 216

fl=(209)
fn=(710)
31 464
+1 464
+3 464
+1 464
+1 464
+1 464
+1 464
+2 464
+1 464
+2 464
+1 464
+1 464
+1 464
+1 419
+2 419
+1 419
+1 419
+1 419
+26 45
+1 45
+1 45
+1 45
+1 45
+1 45
+1 45
+1 45
+1 45
+26 45
+1 45
+1 45
+2 45
+1 45
+1 45
+1 45
+1 45
+1 45
+2 45
+3 45
-5 419
+2 419
+3 419

fl=(110)
fn=(348)
31 2
fi=(111) ./wcsmbs/../sysdeps/x86_64/multiarch/ifunc-evex.h
+7 6
-1 8
+2 6
+6 4
-3 4
+9 6
+3 8
fe=(110)
-23 2

fl=(95)
fn=(312)
29 1
fi=(84)
+11 3
-2 4
fe=(95)
-9 2
fi=(84)
+12 2
+1 3
+3 2
+4 3
+3 5
fe=(95)

fl=(192)
fn=(646)
34 2
+1 7
+2 2
-3 1
+6 1
fi=(227) ./posix/../string/bits/string_fortified.h
+19 1
fe=(192)
-19 2
fi=(227)
+19 1
fe=(192)
-25 1
fi=(227)
+25 1
cob=(3)
cfi=(153)
cfn=(648)
calls=1 -59 
* 21
fe=(192)
-17 1
+3 2

fl=(199)
fn=(706) hack_digit
88 1208
+3 302
-3 302
+3 690
+2 259
+2 518
-2 518
+8 518
+21 753
cfi=(209)
cfn=(710)
calls=251 -91 
* 5271
+1 502
+1 1120
+4 1255
-23 1554
cfi=(208) ./stdlib/./stdlib/divrem.c
cfn=(708) __mpn_divrem
calls=259 -59 
* 11992
+2 259
-2 259
+2 777
+3 259
-2 259
+2 259
+1 1036
+1 16
-1 526
+11 251
-4 502
-27 258
+37 215
-10 8
-1 8
+11 40

fn=(686)
1099 1548
+3 129
-3 903
+3 258
+13 258
+2 129
-2 129
cob=(3)
cfi=(153)
cfn=(668)
calls=129 0 
* 2064
* 258
+1 645
+31 1419
-30 258
fi=(200) ./stdio-common/../include/../locale/localeinfo.h
331 258
fe=(199)
1111 129
fi=(200)
331 129
fe=(199)
1112 258
+10 903
cfn=(690) __printf_fp_buffer_1.isra.0
calls=129 138 
* 151944
+4 129

fn=(690)
138 2322
+21 129
+18 129
+10 129
-28 903
+62 258
1030 1419
226 387
+4 903
+36 129
+5 129
-49 129
+44 516
+1 129
+1 258
+3 1677
+1 129
-1 129
+1 387
-1 129
+1 258
-1 129
+1 1032
+1 129
-1 258
+1 1677
+6 129
-6 258
+7 258
+17 86
+4 344
-4 172
+16 172
+11 86
-41 86
+10 86
+31 86
-30 602
+33 258
+41 86
+1 86
-1 86
+1 258
fi=(204)
29 86
cob=(3)
cfi=(153)
cfn=(578)
calls=86 -29 
* 1118
fe=(199)
385 347
+18 1
-9 1
+2 2
-2 1031
+2 2062
-74 2064
-4 1032
+4 4214
-4 86
+4 344
+15 87
-13 174
+53 1
-2 6
cfi=(212)
cfn=(720)
calls=1 48 
* 77
+5 2
+1 2
fi=(204)
29 172
fe=(199)
388 172
fi=(204)
29 86
cob=(3)
cfi=(153)
cfn=(578)
calls=86 -29 
* 1118
fe=(199)
389 258
+1 258
+1 86
+3 86
-4 86
-1 86
+1 86
+1 258
+5 172
+1 172
+6 172
+4 86
+4 86
-4 86
+4 258
-4 865
+6 170
665 129
+9 129
-9 129
+9 129
+6 129
-15 129
+9 258
+6 129
-6 258
+2 258
+10 258
+52 172
+8 258
fi=(207) ./stdio-common/../sysdeps/pthread/allocalim.h
27 129
fe=(199)
746 129
fi=(207)
27 129
cfi=(206) ./nptl/./nptl/alloca_cutoff.c
cfn=(702) __libc_alloca_cutoff
calls=129 * 
* 1419
+2 258
fe=(199)
759 1806
fi=(207)
29 129
fe=(199)
759 387
+4 129
-3 258
+3 344
+3 258
+7 516
+2 172
-4 86
+4 86
+14 172
-2 86
+1 430
+1 86
+1 172
-1 86
-2 43
+1 215
+1 43
+1 86
-1 258
+1 774
91 258
792 258
+2 258
91 688
+2 172
+2 344
-2 344
+8 344
+4 1032
cfi=(208)
cfn=(708)
calls=172 -59 
* 7812
+2 172
+4 172
-6 172
+2 516
+1 172
+2 344
+1 344
+1 8
-1 348
+7 168
+4 504
cfi=(209)
cfn=(710)
calls=168 -91 
* 3528
+1 336
+1 700
793 140
+1 280
-1 32
+1 64
+1 516
230 774
cfi=(201) ./stdlib/../sysdeps/ieee754/dbl-64/dbl2mpn.c
cfn=(692) __mpn_extract_double
calls=129 33 
* 2838
* 516
+4 129
382 3
91 430
793 86
+3 306
+9 645
+1 387
cfn=(706)
calls=129 88 
* 10910
+2 258
-2 129
+2 645
+2 213
+3 120
+5 86
-8 86
+8 86
-9 64
fi=(210) ./stdio-common/../sysdeps/generic/get-rounding-mode.h
94 64
+1 256
-1 65
+1 647
fi=(211) ./stdio-common/../include/rounding-mode.h
-37 32
fe=(199)
935 90
-11 270
+7 180
+4 258
+45 645
+3 258
+8 258
-4 129
+4 129
+5 258
-9 516
+9 484
fi=(177)
163 363
fe=(199)
999 484
+2 363
+5 258
fi=(177)
163 363
fe=(199)
1009 387
+13 516
cfi=(173)
cfn=(576)
calls=129 27 
* 7095
+2 387
fi=(177)
163 24
+1 32
cfi=(198)
cfn=(684)
calls=8 24 
* 400
fe=(199)
1028 387
117 4
+1 8
483 86
-98 261
cfi=(203)
cfn=(696)
calls=87 31 
* 1044
* 174
+3 172
fi=(211)
52 342
fe=(199)
835 39
-5 78
+5 168
+2 2
-2 10
+3 4
+2 117
+2 78
+2 78
+80 117
-69 78
+80 39
-11 117
766 258
-35 215
-43 258
+1 258
+3 387
+2 86
+2 172
+42 172
994 516
+2 266
308 86
-2 86
+2 86
-3 86
+3 344
-3 172
cfi=(202)
cfn=(694)
calls=86 28 
* 1376
+4 172
-4 86
+4 602
+1 172
+1 602
766 258
+3 172
cfn=(706)
calls=86 88 
* 10391
* 174
cfn=(706)
calls=87 88 
* 10393
* 173
-3 605
+15 43
+2 43
669 86
782 43
-1 43
+2 129
+27 33
+3 8
407 1
+6 2
+86 129
cfi=(202)
cfn=(694)
calls=43 28 
* 688
+1 215
+1 86
+3 43
-8 43
+7 43
+1 43
-18 43
+18 86
+2 43
+21 86
+4 43
-4 129
+4 43
-4 43
+5 43
-1 86
+1 43
+1 86
-2 43
+2 43
-2 43
+2 43
+2 86
+5 172
+22 129
+61 474
-2 474
+2 1894
509 474
+2 948
+7 43
+1 86
-1 43
+2 43
-2 43
+4 43
-4 86
+6 172
cfi=(212)
cfn=(720)
calls=43 48 
* 3311
* 43
+52 8
+3 129
+34 129
cfi=(205)
cfn=(700)
calls=43 28 
* 774
+3 129
+7 86
-53 43
+1 129
-1 43
+1 43
+4 90
+72 129
+54 86
-12 129
1003 242
625 2
+4 5
cfi=(209)
cfn=(710)
calls=1 31 
* 33
+1 1
+1 1
-1 1
+1 2
+3 1
-1 1
+1 1
-1 1
+3 1
-2 4
+9 1
+1 1
-1 1
+2 2
439 170
+3 685
+16 255
+2 85
-2 85
cfi=(205)
cfn=(700)
calls=85 28 
* 1530
+3 170
-1 85
+1 85
-1 85
+1 255
cfi=(205)
cfn=(700)
calls=85 28 
* 1530
+2 510
+14 172
-4 1
-21 2
+19 1
-1 3
+1 1
-1 3
cfi=(205)
cfn=(700)
calls=1 28 
* 18
+4 3
-1 1
+1 3
cfi=(205)
cfn=(700)
calls=1 28 
* 18
+3 1
+1 5
-48 1
+4 1
-5 1
+5 6
694 688
-52 1
cfi=(205)
cfn=(700)
calls=1 28 
* 18
+3 2
834 74
580 86
+7 129
+3 172

fl=(215)
fn=(746)
117 5
+5 1

fl=(183)
fn=(608)
262 1
fi=(184) ./malloc/../sysdeps/unix/sysv/linux/not-cancel.h
97 3
fe=(183)
262 7
+5 1
fi=(184)
97 3
fi=(182)
3143 2
fe=(183)
292 2
+4 3
fi=(182)
1946 4
+3 1
-3 1
+3 2
-3 2
+3 126
-3 126
+3 252
-3 252
+11 1
fe=(183)
300 3
fi=(182)
1958 1
+2 1
fe=(183)
300 1
cob=(3)
cfi=(153)
cfn=(476)
calls=1 0 
* 25
+1 4
cob=(3)
cfi=(153)
cfn=(476)
calls=1 0 
* 26
+1 4
cob=(3)
cfi=(153)
cfn=(476)
calls=1 0 
* 25
+1 4
cob=(3)
cfi=(153)
cfn=(476)
calls=1 0 
* 25
+1 4
cob=(3)
cfi=(153)
cfn=(476)
calls=1 0 
* 26
+1 4
cob=(3)
cfi=(153)
cfn=(476)
calls=1 0 
* 25
+1 4
cob=(3)
cfi=(153)
cfn=(476)
calls=1 0 
* 25
+2 4
cob=(3)
cfi=(153)
cfn=(476)
calls=1 0 
* 25
+1 4
cob=(3)
cfi=(153)
cfn=(476)
calls=1 0 
* 25
+1 4
cob=(3)
cfi=(153)
cfn=(476)
calls=1 0 
* 25
+3 4
cob=(3)
cfi=(153)
cfn=(476)
calls=1 0 
* 25
+1 4
cob=(3)
cfi=(153)
cfn=(476)
calls=1 0 
* 25
+2 2
+10 8

fl=(131)
fn=(406)
29 1
fi=(93)
+28 3
-1 2
+4 3
+14 2
+3 2
+8 2
+8 2
+3 5
fe=(131)

fl=(169)
fn=(562)
25 1017
+7 47
-4 94
+4 47
-4 47
+4 47
+1 47
-1 47
-4 47
+5 47
-1 94
+1 94
cfi=(170)
cfn=(564)
calls=47 1522 
* 240318
-8 9
+7 3
-4 6
+4 3
-4 3
+4 3
+1 3
-1 3
-4 3
+5 3
-1 6
+1 6
cfi=(170)
cfn=(564)
calls=3 1522 
* 6276
+4 250

fl=(119)
fn=(366)
31 1
fi=(114)
+6 2
-1 4
fe=(119)
-5 2
fi=(114)
+7 3
+3 2
+4 3
+3 4
fe=(119)

fl=(87)
fn=(292)
30 1
fi=(88) ./wcsmbs/../sysdeps/x86_64/multiarch/ifunc-wcslen.h
+11 2
-1 4
+2 3
+3 2
+4 3
+3 3
fe=(87)
-22 1

fl=(112)
fn=(352)
67 1
-23 2
-1 4
+24 2
-22 3
+3 2
+4 3
+3 4

fl=(98)
fn=(320)
29 1
fi=(99)
+28 3
-1 2
+4 3
+14 2
+3 2
+8 2
+8 2
+3 5
fe=(98)

fl=(121)
fn=(374)
29 1
fi=(122) ./string/../sysdeps/x86_64/multiarch/ifunc-memcmp.h
+5 5
+1 2
+1 2
+1 3
+3 2
+4 3
+3 4
fe=(121)
-18 2

fl=(174)
fn=(580)
255 652
+1 652
+6 652
+1 652
+2 1
+1 1
+1 1
+3 1
+1 1
+1 1
+3 2
+30 651
+1 651
+2 474
+1 474
+2 429
+4 429
+1 277
+1 277
+1 277
+1 277
+1 144
+1 144
+2 144
+2 144
-2 133
+2 133
+6 152
+1 152
+1 152
+1 152
+1 152
+7 177
+1 177
+1 177
+1 177
+2 177
+17 45
+1 45
+1 45
+1 45
+1 45

fn=(654)
242 59
+1 59
+1 59
+1 59
+17 59
+1 59
+2 57
+1 57
+1 57
+3 49
+1 49
+1 49
+3 98
+30 2
+1 2
+2 1
+1 1
+2 1
+4 1
+16 1
+1 1
+1 1
+1 1
+1 1
+7 1
+1 1
+1 1
+1 1
+2 1
+28 8
+1 8
+1 8
+1 8
+1 8
+1 8
+1 16
+5 8
+1 8
+5 8
+1 8
+2 8
+1 8
+1 8

fl=(180) ./libio/./libio/filedoalloc.c
fn=(596) _IO_file_doallocate
78 11
+6 4
fi=(189)
1025 3
+1 2
fe=(180)
84 3
cfi=(178)
cfn=(598)
calls=1 1147 
* 9
* 2
+2 4
+11 4
+4 2
cob=(3)
cfi=(153)
cfn=(602)
calls=1 0 
* 1812
* 1
+1 2
+2 4
cfi=(179)
cfn=(628) _IO_setb
calls=1 329 
* 29
+1 1
+1 9
-15 1
fi=(228) ./libio/../include/sys/sysmacros.h
-44 6
fe=(180)
+44 1
-2 2
+5 2

fl=(196)
fn=(670)
52 178
+13 178
+1 178
+1 178
+3 178
+2 178
+1 178
+3 178
+1 178
+8 178
+1 178
+1 168
+5 336
+51 6
+13 6
+1 6
+1 6
+6 12
+4 4
+13 4
+1 4
+1 4
+6 8
+32 10
+15 10
+6 10
+1 10
+1 10
+2 10
+1 10
+1 10
+1 10
+2 4
+1 4
+1 4
+1 4

fl=(96)
fn=(316)
31 1
fi=(97)
+9 3
-1 4
+2 3
+3 2
+4 4
fe=(96)
-17 1

fl=(194)
fn=(658)
25 9
+2 4
-2 1
+3 4
fi=(189)
979 2
+1 8
fe=(194)
31 7
-4 5
+1 2
cfi=(179)
cfn=(660) __overflow
calls=1 199 
* 169
* 1
-1 5

fl=(176)
fn=(584)
169 49
+3 196
+2 98
+9 2394
+9 98

fl=(163)
fn=(526)
67 7
-26 2
+2 8
+1 2
cfn=(528) __new_exitfn
calls=1 +36 
* 33
+2 2
+8 1
-2 1
+3 1
+1 1
-4 2
+1 1
+4 4
+1 1
+11 6

fn=(528)
80 1
+6 2
-6 4
+11 2
-10 1
+10 4
+2 4
-2 1
+10 1
-10 3
+45 1
+5 3
-4 1
+4 2
-18 1
-1 1
+12 1

fl=(168)
fn=(558)
32 1
+1 4
+3 1

fl=(195)
fn=(666)
33 100
+2 10
cob=(3)
cfi=(153)
cfn=(668)
calls=10 -35 
* 296
+1 10
-1 10
+1 30
-3 10
+6 30
+1 10
fi=(189)
1025 30
+1 20
fe=(195)
40 30
cfi=(178)
cfn=(590)
calls=10 1198 
* 5260
* 20
+1 40
+1 40
fi=(189)
979 20
+1 80
fe=(195)
46 80
-10 50
+2 20
-2 50
+5 20
cfi=(179)
cfn=(660)
calls=10 199 
* 1690
* 20

fl=(198)
fn=(684)
24 12
+1 36
-1 84
+15 12
-15 12
+9 24
+3 12
fi=(204)
+23 12
fe=(198)
-22 24
fi=(204)
+22 24
cob=(3)
cfi=(153)
cfn=(648)
calls=12 -59 
* 178
fe=(198)
-19 36
+3 24
-10 36
+11 72

fl=(171)
fn=(566)
108 50
+1 50
fi=(177)
+18 50
fe=(171)
-18 50
fi=(177)
+28 50
-9 50
+9 50
-13 50
fe=(171)
-13 50
fi=(177)
+13 50
fe=(171)
-12 50
cfn=(568) __printf_buffer_to_file_switch
calls=50 -83 
* 650

fn=(588)
117 50
+1 150
-1 50
-64 50
+64 300
-66 200
+2 150
+69 50
-1 50
+1 200
-1 50
cfi=(191) ./stdio-common/./stdio-common/Xprintf_buffer_done.c
cfn=(640) __printf_buffer_done
calls=50 -96 
* 950
-56 100
cfn=(568)
calls=50 -36 
* 650
+1 50
-8 50
+1 50
fi=(229) ./stdio-common/../libio/libioP.h
1025 50
fe=(171)
58 50
+1 50
-1 50
fi=(229)
1025 100
+1 100
fe=(171)
59 100
cfi=(178)
cfn=(590)
calls=50 1198 
* 15714
* 100

fn=(568)
29 100
+1 500
+10 100
+1 100
+3 400
+1 100

fl=(191)
fn=(640)
25 50
+1 150
+5 100
+2 600
+7 50

fl=(132)
fn=(410)
33 1
fi=(118)
+5 2
+1 1
-1 2
+1 2
+3 2
+4 3
+3 3
fe=(132)
-16 1

fl=(123)
fn=(378)
31 2
fi=(124) ./wcsmbs/../sysdeps/x86_64/multiarch/ifunc-wmemset.h
+5 10
+1 6
fe=(123)
-6 2

fl=(201)
fn=(692)
33 129
+2 129
-2 258
+4 387
+1 645
+9 258
+9 129
-9 129
+9 258
+47 129
+4 129
-4 129
+4 129

fl=(120)
fn=(370)
31 1
fi=(84)
+9 3
-2 4
fe=(120)
-7 2
fi=(84)
+10 2
+1 3
+3 2
+4 3
+3 5
fe=(120)

fl=(208)
fn=(708)
46 6034
+3 862
234 3879
62 431
+1 431
-16 431
+18 862
+7 2433
+1 380
-1 760
+1 760
-1 760
+4 862
+3 431
+2 431
-13 19
-1 19
+1 19

fl=(91)
fn=(300)
29 1
fi=(88)
+12 2
-1 4
+2 3
+3 2
+4 3
+3 3
fe=(91)
-23 1

fl=(179)
fn=(660)
199 55
+2 33
+2 11
fi=(189)
1025 33
+1 22
fe=(179)
203 11
+1 22
-1 11
cfi=(178)
cfn=(592)
calls=11 732 
* 1661

fn=(594)
343 1
+1 2
-1 7
+3 3
+1 1
fi=(189)
1025 3
+1 2
fe=(179)
347 2
cfi=(180)
cfn=(596)
calls=1 78 
* 1914
* 2
+3 6

fn=(632)
371 11
+3 4
fi=(189)
1025 1
fe=(179)
373 2
+26 122
fi=(189)
1025 80
+1 80
fe=(179)
399 160
cfi=(178)
cfn=(592)
calls=40 732 
* 1672
* 80
+2 40
-2 40
-20 164
-4 1
+29 8

fn=(628)
329 11
+1 4
+5 2
-3 1
+3 2
-2 1
+2 2
+3 6

fl=(133)
fn=(414)
29 1
fi=(99)
+28 3
-1 2
+4 3
+14 2
+3 2
+8 2
+8 2
+3 5
fe=(133)

fl=(152)
fn=(474)
55 2
+1 2
-1 2
+1 2
-1 4
+1 1
cob=(3)
cfi=(153)
cfn=(476)
calls=1 -56 
* 26
+2 4
cob=(3)
cfi=(153)
cfn=(476)
calls=1 -58 
* 25
+2 4
cob=(3)
cfi=(153)
cfn=(476)
calls=1 -60 
* 26
+2 6

fl=(206)
fn=(702)
27 129
+1 1161
+7 129

fl=(81)
fn=(280)
86 1
fi=(82) ./string/../sysdeps/x86/cacheinfo.h
-27 1
+3 3
+2 1
+1 1
-1 2
+7 3
+2 1
+1 1
-1 2
+5 2
+2 2
+1 2
+1 2
+2 2
+2 2
fe=(81)

fl=(181)
fn=(600)
30 1
+9 4
+33 1

fl=(149)
fn=(468)
29 1
+2 7
+2 4
+2 4
+1 1

fl=(164)
fn=(544)
29 4
+15 1
-15 5
+15 1
cfi=(165)
cfn=(546)
calls=1 -16 
* 38
* 1
+2 2
+5 2
+1 2
+3 2
+3 6
cob=(5)
cfi=(161)
cfn=(552)
calls=1 -58 
* 8783684916

fl=(190)
fn=(638)
25 59
+1 354
+1 59

fl=(85)
fn=(288)
29 1
fi=(225)
+7 5
fe=(85)
-7 1

fl=(159)
fn=(516)
53 1
+1 1
+1 1
+2 1
+1 1
+4 1
+1 1
+1 1
+3 1
+2 1
+1 1
+1 1
+1 1
+3 1
+1 1
+2 1
+1 1
+1 1
+1 1
+1 1
+9 2

fl=(186)
fn=(620)
37 16
+3 2
+3 2
-3 2
+3 2
+35 7
-20 4
+4 4
+4 4
+8 1
cfi=(187)
cfn=(622)
calls=1 -38 
* 9
* 2
+4 7
-19 2
cfi=(187)
cfn=(622)
calls=1 -23 
* 9
* 2
+4 2

fl=(103)
fn=(330)
65 1
-22 2
+1 1
-2 4
+2 2
+3 2
+4 3
+3 3
+11 1

fl=(125)
fn=(382)
29 1
fi=(118)
+9 2
+1 1
-1 2
+1 2
+3 2
+4 3
+3 3
fe=(125)
-20 1

fl=(89)
fn=(296)
29 1
fi=(90) ./string/../sysdeps/x86_64/multiarch/ifunc-memset.h
+25 5
+3 3
+7 2
+9 2
+2 2
+10 2
+8 2
+3 5
fe=(89)

fl=(104)
fn=(332)
29 1
fi=(105) ./debug/../sysdeps/x86_64/multiarch/ifunc-memset.h
+25 5
+3 3
+7 2
+9 2
+2 2
+10 2
+8 2
+3 5
fe=(104)

fl=(154)
fn=(478)
92 2
+4 1
-4 2
+4 2
-4 1
+4 1
-4 3
+4 1
cob=(3)
cfi=(153)
cfn=(476)
calls=1 -96 
* 26
+2 4
cob=(3)
cfi=(153)
cfn=(476)
calls=1 -98 
* 26
+2 4
cob=(3)
cfi=(153)
cfn=(476)
calls=1 0 
* 26
+2 4
cob=(3)
cfi=(153)
cfn=(476)
calls=1 0 
* 26
+2 4
cob=(3)
cfi=(153)
cfn=(476)
calls=1 0 
* 26
+3 3
+1 1
+1 6

fl=(116)
fn=(360)
60 1
-17 2
-1 4
+2 3
+2 2
+4 3
+10 1

fl=(136)
fn=(422)
29 1
fi=(225)
+7 5
fe=(136)
-7 1

totals: 8783844108
